sample	SRR1607326	SRR1607327	SRR1607330	SRR1607332	SRR1607334	SRR1607336	SRR1607337	SRR1607342	SRR1607343
SRR1607326	0.0	0.00097	0.00202	0.00156	0.00105	0.00098	0.00115	0.00121	0.00168
SRR1607327	0.00097	0.0	0.00116	0.00164	0.00105	0.00092	0.00113	0.00129	0.00147
SRR1607330	0.00202	0.00116	0.0	0.0024	0.00152	0.00162	0.00121	0.0016	0.00143
SRR1607332	0.00156	0.00164	0.0024	0.0	0.0014	0.00129	0.00133	0.00129	0.00231
SRR1607334	0.00105	0.00105	0.00152	0.0014	0.0	0.00093	0.00082	0.00134	0.00175
SRR1607336	0.00098	0.00092	0.00162	0.00129	0.00093	0.0	0.00098	0.00111	0.00187
SRR1607337	0.00115	0.00113	0.00121	0.00133	0.00082	0.00098	0.0	0.00127	0.00133
SRR1607342	0.00121	0.00129	0.0016	0.00129	0.00134	0.00111	0.00127	0.0	0.0017
SRR1607343	0.00168	0.00147	0.00143	0.00231	0.00175	0.00187	0.00133	0.0017	0.0
