sample	SRR1607513	SRR1607514	SRR1607517	SRR1607518	SRR1607520	SRR1607522	SRR1607528	SRR1607531
SRR1607513	0.0	0.00179	0.00159	0.00224	0.00221	0.00198	0.00136	0.00139
SRR1607514	0.00179	0.0	0.00208	0.00171	0.00073	0.0012	0.00158	0.00121
SRR1607517	0.00159	0.00208	0.0	0.00184	0.00216	0.00194	0.0018	0.00181
SRR1607518	0.00225	0.00171	0.00185	0.0	0.00164	0.00178	0.00139	0.00111
SRR1607520	0.00221	0.00073	0.00216	0.00164	0.0	0.00104	0.00184	0.00176
SRR1607522	0.00198	0.0012	0.00194	0.00178	0.00104	0.0	0.00154	0.00144
SRR1607528	0.00136	0.00158	0.0018	0.00139	0.00184	0.00154	0.0	0.0009
SRR1607531	0.00139	0.00121	0.00181	0.00111	0.00176	0.00144	0.0009	0.0
