sample	SRR1607365	SRR1607369	SRR1607372	SRR1607373	SRR1607375	SRR1607377	SRR1607380	SRR1607382	SRR1607384
SRR1607365	0.0	0.00164	0.0021	0.0012	0.00184	0.00148	0.00165	0.00124	0.00185
SRR1607369	0.00164	0.0	0.00183	0.00236	0.00147	0.00261	0.00189	0.00177	0.00231
SRR1607372	0.0021	0.00183	0.0	0.00203	0.00174	0.00191	0.00268	0.00231	0.00231
SRR1607373	0.0012	0.00236	0.00203	0.0	0.00212	0.00165	0.00201	0.00163	0.00188
SRR1607375	0.00184	0.00147	0.00174	0.00212	0.0	0.00206	0.00179	0.00174	0.00179
SRR1607377	0.00148	0.00261	0.00191	0.00165	0.00206	0.0	0.00211	0.00187	0.00188
SRR1607380	0.00165	0.00189	0.00268	0.00202	0.00179	0.00211	0.0	0.00188	0.00187
SRR1607382	0.00124	0.00177	0.00231	0.00163	0.00174	0.00187	0.00188	0.0	0.00141
SRR1607384	0.00185	0.00231	0.00231	0.00188	0.00179	0.00188	0.00187	0.00141	0.0
