sample	SRR1607513	SRR1607514	SRR1607517	SRR1607518	SRR1607520	SRR1607522	SRR1607528	SRR1607531
SRR1607513	0.0	0.00158	0.00153	0.00173	0.00174	0.00158	0.00111	0.00151
SRR1607514	0.00158	0.0	0.00165	0.00127	0.00073	0.00104	0.00128	0.00145
SRR1607517	0.00153	0.00165	0.0	0.00159	0.00187	0.00181	0.00137	0.00165
SRR1607518	0.00173	0.00128	0.00159	0.0	0.00133	0.00152	0.00113	0.00129
SRR1607520	0.00174	0.00073	0.00187	0.00133	0.0	0.00076	0.00127	0.00159
SRR1607522	0.00158	0.00104	0.00181	0.00152	0.00076	0.0	0.00107	0.00147
SRR1607528	0.00111	0.00128	0.00137	0.00113	0.00127	0.00107	0.0	0.00088
SRR1607531	0.00151	0.00145	0.00165	0.00129	0.00159	0.00147	0.00088	0.0
