sample	SRR1607326	SRR1607327	SRR1607330	SRR1607332	SRR1607334	SRR1607336	SRR1607337	SRR1607342	SRR1607343
SRR1607326	0.0	0.0007	0.00135	0.00111	0.00082	0.00095	0.00066	0.00091	0.0014
SRR1607327	0.0007	0.0	0.00111	0.00102	0.00044	0.00077	0.00079	0.00052	0.00133
SRR1607330	0.00135	0.00111	0.0	0.00167	0.00117	0.00117	0.00095	0.00138	0.00125
SRR1607332	0.00111	0.00102	0.00167	0.0	0.00085	0.00105	0.00088	0.00108	0.00178
SRR1607334	0.00082	0.00044	0.00117	0.00085	0.0	0.00066	0.00047	0.00086	0.00141
SRR1607336	0.00095	0.00077	0.00117	0.00105	0.00066	0.0	0.00061	0.00073	0.00142
SRR1607337	0.00066	0.00079	0.00095	0.00088	0.00047	0.00061	0.0	0.00067	0.00111
SRR1607342	0.00091	0.00052	0.00138	0.00108	0.00086	0.00073	0.00067	0.0	0.00141
SRR1607343	0.0014	0.00133	0.00125	0.00177	0.0014	0.00142	0.00111	0.00141	0.0
