sample	SRR1607326	SRR1607327	SRR1607330	SRR1607332	SRR1607334	SRR1607336	SRR1607337	SRR1607342	SRR1607343
SRR1607326	0.0	0.0	0.00059	0.00042	0.0	0.0	0.0	0.00034	0.00076
SRR1607327	0.0	0.0	0.0006	0.00053	0.0	0.0	0.0	0.0	0.00081
SRR1607330	0.00059	0.0006	0.0	0.00088	0.00066	0.00056	0.00049	0.00066	0.00061
SRR1607332	0.00042	0.00053	0.00088	0.0	0.00046	0.00047	0.00047	0.00051	0.00098
SRR1607334	0.0	0.0	0.00066	0.00046	0.0	0.0	0.0	0.00035	0.00068
SRR1607336	0.0	0.0	0.00056	0.00047	0.0	0.0	0.0	0.0	0.00073
SRR1607337	0.0	0.0	0.00049	0.00047	0.0	0.0	0.0	0.0	0.00066
SRR1607342	0.00034	0.0	0.00066	0.00051	0.00035	0.0	0.0	0.0	0.00066
SRR1607343	0.00076	0.00081	0.00061	0.00098	0.00068	0.00073	0.00066	0.00066	0.0
