sample	SRR1607513	SRR1607514	SRR1607517	SRR1607518	SRR1607520	SRR1607522	SRR1607528	SRR1607531
SRR1607513	0.0	0.00113	0.00144	0.00109	0.00111	0.00107	0.00079	0.00111
SRR1607514	0.00113	0.0	0.00164	0.00085	0.00045	0.00039	0.00078	0.00107
SRR1607517	0.00144	0.00164	0.0	0.00151	0.00156	0.00153	0.00135	0.00153
SRR1607518	0.00109	0.00085	0.00151	0.0	0.00096	0.00089	0.00079	0.00089
SRR1607520	0.00111	0.00045	0.00156	0.00096	0.0	0.00036	0.00076	0.00108
SRR1607522	0.00107	0.00039	0.00153	0.00089	0.00036	0.0	0.00068	0.00088
SRR1607528	0.00079	0.00078	0.00135	0.00079	0.00076	0.00068	0.0	0.00065
SRR1607531	0.00111	0.00107	0.00153	0.00089	0.00108	0.00088	0.00065	0.0
