sample	SRR1607365	SRR1607369	SRR1607372	SRR1607373	SRR1607375	SRR1607377	SRR1607380	SRR1607382	SRR1607384
SRR1607365	0.0	0.00126	0.00139	0.00108	0.00109	0.00129	0.00104	0.00108	0.00122
SRR1607369	0.00126	0.0	0.00115	0.00128	0.00096	0.00155	0.00125	0.0013	0.00144
SRR1607372	0.00139	0.00115	0.0	0.00159	0.00114	0.00151	0.00137	0.00146	0.00161
SRR1607373	0.00108	0.00127	0.00159	0.0	0.00121	0.00117	0.00102	0.00116	0.00106
SRR1607375	0.00108	0.00096	0.00114	0.00121	0.0	0.0014	0.00083	0.00115	0.00124
SRR1607377	0.00129	0.00155	0.00151	0.00117	0.0014	0.0	0.00132	0.00133	0.00116
SRR1607380	0.00104	0.00125	0.00137	0.00102	0.00083	0.00132	0.0	0.001	0.00112
SRR1607382	0.00108	0.0013	0.00145	0.00116	0.00115	0.00133	0.001	0.0	0.00107
SRR1607384	0.00122	0.00144	0.00161	0.00106	0.00124	0.00116	0.00112	0.00107	0.0
