sample	SRR1607513	SRR1607514	SRR1607517	SRR1607518	SRR1607520	SRR1607522	SRR1607528	SRR1607531
SRR1607513	0.0	0.00114	0.00085	0.00154	0.00156	0.00141	0.00075	0.00073
SRR1607514	0.00114	0.0	0.0014	0.00105	0.00013	0.00067	0.001	0.0006
SRR1607517	0.00085	0.0014	0.0	0.00112	0.00149	0.00135	0.00117	0.00112
SRR1607518	0.00154	0.00105	0.00112	0.0	0.00099	0.00121	0.00077	0.00045
SRR1607520	0.00156	0.00013	0.00149	0.00099	0.0	0.00051	0.00125	0.00114
SRR1607522	0.00141	0.00067	0.00135	0.00121	0.00051	0.0	0.00102	0.0009
SRR1607528	0.00075	0.001	0.00117	0.00077	0.00125	0.00102	0.0	0.00032
SRR1607531	0.00073	0.0006	0.00112	0.00045	0.00114	0.0009	0.00032	0.0
