sample	SRR17643000	SRR17643001	SRR17643002	SRR17643004	SRR17643005	SRR17643006	SRR17643007	SRR17643008	SRR17643009
SRR17643000	0.0	0.00273	0.00216	0.00247	0.0023	0.00222	0.00255	0.00244	0.00218
SRR17643001	0.00273	0.0	0.00198	0.00213	0.00236	0.0021	0.00243	0.00173	0.00256
SRR17643002	0.00216	0.00198	0.0	0.00206	0.00233	0.00195	0.00222	0.002	0.00176
SRR17643004	0.00247	0.00213	0.00206	0.0	0.0023	0.00189	0.00226	0.00165	0.00215
SRR17643005	0.0023	0.00236	0.00233	0.0023	0.0	0.00245	0.00226	0.0022	0.00224
SRR17643006	0.00222	0.0021	0.00195	0.00189	0.00245	0.0	0.0022	0.00179	0.00195
SRR17643007	0.00255	0.00243	0.00222	0.00226	0.00226	0.0022	0.0	0.00209	0.00226
SRR17643008	0.00244	0.00173	0.002	0.00165	0.0022	0.00179	0.00209	0.0	0.00198
SRR17643009	0.00218	0.00256	0.00176	0.00215	0.00224	0.00195	0.00226	0.00198	0.0
