sample	SRR27281402	SRR27281403	SRR27281404	SRR27281405	SRR27281509	SRR27281511	SRR27281512	SRR27281513	SRR27281514
SRR27281402	0.0	0.00232	0.00259	0.0023	0.00246	0.00219	0.00243	0.00203	0.00203
SRR27281403	0.00232	0.0	0.00297	0.00316	0.00255	0.00266	0.00241	0.00324	0.00215
SRR27281404	0.00259	0.00297	0.0	0.00223	0.00249	0.00246	0.00356	0.00267	0.00236
SRR27281405	0.0023	0.00316	0.00223	0.0	0.00229	0.00267	0.00384	0.00259	0.00251
SRR27281509	0.00246	0.00255	0.00249	0.00229	0.0	0.00286	0.0031	0.00286	0.00239
SRR27281511	0.00219	0.00266	0.00246	0.00267	0.00286	0.0	0.00314	0.00286	0.00227
SRR27281512	0.00243	0.00241	0.00356	0.00384	0.0031	0.00314	0.0	0.00311	0.0028
SRR27281513	0.00203	0.00324	0.00267	0.00259	0.00286	0.00286	0.00311	0.0	0.00258
SRR27281514	0.00203	0.00215	0.00236	0.00251	0.00239	0.00227	0.0028	0.00258	0.0
