sample	SRR17642992	SRR17642993	SRR17642994	SRR17642995	SRR17642996	SRR17642998	SRR17642999	SRR17643011
SRR17642992	0.0	0.00181	0.00212	0.00204	0.00208	0.00219	0.00212	0.00467
SRR17642993	0.00181	0.0	0.00214	0.00211	0.00206	0.00232	0.00242	0.00462
SRR17642994	0.00212	0.00214	0.0	0.00199	0.00187	0.00214	0.00206	0.00454
SRR17642995	0.00204	0.00211	0.00199	0.0	0.00174	0.00199	0.00221	0.00466
SRR17642996	0.00208	0.00206	0.00187	0.00174	0.0	0.00214	0.00203	0.0045
SRR17642998	0.00219	0.00232	0.00214	0.00199	0.00214	0.0	0.00256	0.00458
SRR17642999	0.00212	0.00242	0.00206	0.00221	0.00203	0.00256	0.0	0.00499
SRR17643011	0.00467	0.00462	0.00454	0.00466	0.0045	0.00458	0.00499	0.0
