sample	SRR1607365	SRR1607369	SRR1607372	SRR1607373	SRR1607375	SRR1607377	SRR1607380	SRR1607382	SRR1607384
SRR1607365	0.0	0.00111	0.00155	0.00069	0.00131	0.00096	0.00112	0.00075	0.00134
SRR1607369	0.00111	0.0	0.00126	0.00181	0.00092	0.00205	0.00133	0.00125	0.00177
SRR1607372	0.00155	0.00126	0.0	0.00147	0.00117	0.00135	0.0021	0.00176	0.00175
SRR1607373	0.00069	0.00181	0.00147	0.0	0.00158	0.00113	0.00148	0.00112	0.00136
SRR1607375	0.00131	0.00092	0.00117	0.00158	0.0	0.00152	0.00124	0.00122	0.00126
SRR1607377	0.00096	0.00205	0.00135	0.00113	0.00152	0.0	0.00156	0.00136	0.00136
SRR1607380	0.00112	0.00133	0.0021	0.00148	0.00124	0.00156	0.0	0.00136	0.00133
SRR1607382	0.00075	0.00125	0.00176	0.00112	0.00122	0.00136	0.00136	0.0	0.00092
SRR1607384	0.00134	0.00177	0.00175	0.00136	0.00126	0.00136	0.00133	0.00092	0.0
