sample	SRR1607299	SRR1607302	SRR1607306	SRR1607310	SRR1607312	SRR1607316	SRR1607318	SRR1607320	SRR1607323
SRR1607299	0.0	0.00755	0.00847	0.00746	0.01012	0.00821	0.00582	0.00736	0.00864
SRR1607302	0.00755	0.0	0.00702	0.00568	0.00848	0.00647	0.00379	0.00588	0.00687
SRR1607306	0.00847	0.00702	0.0	0.00697	0.00968	0.0077	0.00514	0.00681	0.00812
SRR1607310	0.00746	0.00568	0.00697	0.0	0.00845	0.00642	0.0037	0.00547	0.00683
SRR1607312	0.01012	0.00848	0.00968	0.00845	0.0	0.00914	0.00672	0.00854	0.00956
SRR1607316	0.00821	0.00647	0.0077	0.00642	0.00914	0.0	0.00456	0.00588	0.00761
SRR1607318	0.00582	0.00379	0.00514	0.0037	0.00672	0.00456	0.0	0.00393	0.00502
SRR1607320	0.00736	0.00588	0.00681	0.00547	0.00854	0.00588	0.00393	0.0	0.00695
SRR1607323	0.00864	0.00687	0.00812	0.00683	0.00956	0.00761	0.00502	0.00695	0.0
