sample	SRR23814147	SRR23814148	SRR23814152	SRR23814180	SRR23814181	SRR23814184	SRR23814185	SRR23814186	SRR23814187
SRR23814147	0.0	0.00337	0.012	0.00332	0.0033	0.00331	0.00329	0.00328	0.00334
SRR23814148	0.00337	0.0	0.0139	0.00491	0.00488	0.00477	0.00468	0.00471	0.00471
SRR23814152	0.012	0.0139	0.0	0.01414	0.01412	0.01383	0.01375	0.01381	0.01379
SRR23814180	0.00332	0.00491	0.01414	0.0	0.00097	0.00482	0.00476	0.00476	0.00481
SRR23814181	0.0033	0.00488	0.01412	0.00097	0.0	0.00478	0.00472	0.00471	0.00478
SRR23814184	0.00331	0.00477	0.01383	0.00482	0.00478	0.0	0.00468	0.00471	0.00458
SRR23814185	0.00329	0.00468	0.01375	0.00476	0.00472	0.00468	0.0	0.0007	0.00444
SRR23814186	0.00328	0.00471	0.01381	0.00476	0.00471	0.00471	0.0007	0.0	0.00448
SRR23814187	0.00334	0.00471	0.01379	0.00481	0.00478	0.00458	0.00444	0.00448	0.0
