sample	SRR1607326	SRR1607327	SRR1607330	SRR1607332	SRR1607334	SRR1607336	SRR1607337	SRR1607342	SRR1607343
SRR1607326	0.0	0.00071	0.00129	0.00101	0.00083	0.00097	0.00068	0.00089	0.00133
SRR1607327	0.00071	0.0	0.00106	0.00092	0.00045	0.00079	0.0008	0.00049	0.00126
SRR1607330	0.00129	0.00106	0.0	0.0015	0.00111	0.00113	0.00091	0.00129	0.00111
SRR1607332	0.00101	0.00092	0.0015	0.0	0.00074	0.00095	0.00078	0.00094	0.00158
SRR1607334	0.00083	0.00045	0.00111	0.00074	0.0	0.00068	0.00049	0.00083	0.00133
SRR1607336	0.00097	0.00079	0.00113	0.00095	0.00068	0.0	0.00064	0.00071	0.00135
SRR1607337	0.00068	0.0008	0.00091	0.00078	0.00049	0.00064	0.0	0.00065	0.00105
SRR1607342	0.00089	0.00049	0.00129	0.00094	0.00083	0.00071	0.00065	0.0	0.0013
SRR1607343	0.00133	0.00126	0.00111	0.00158	0.00133	0.00135	0.00105	0.0013	0.0
