sample	SRR17643000	SRR17643001	SRR17643002	SRR17643004	SRR17643005	SRR17643006	SRR17643007	SRR17643008	SRR17643009
SRR17643000	0.0	0.00239	0.00201	0.00226	0.00207	0.00202	0.00217	0.00218	0.00195
SRR17643001	0.00239	0.0	0.00184	0.00199	0.00216	0.00211	0.00236	0.00193	0.00225
SRR17643002	0.00201	0.00184	0.0	0.00211	0.00201	0.00199	0.00201	0.00182	0.00187
SRR17643004	0.00226	0.00199	0.00211	0.0	0.00207	0.00177	0.00221	0.00161	0.00204
SRR17643005	0.00207	0.00216	0.00201	0.00207	0.0	0.00211	0.00212	0.00226	0.00203
SRR17643006	0.00202	0.00211	0.00199	0.00177	0.00211	0.0	0.00224	0.00172	0.00204
SRR17643007	0.00217	0.00236	0.00201	0.00221	0.00212	0.00224	0.0	0.00216	0.00221
SRR17643008	0.00218	0.00193	0.00182	0.00161	0.00226	0.00172	0.00216	0.0	0.00211
SRR17643009	0.00195	0.00225	0.00187	0.00204	0.00203	0.00204	0.00221	0.00211	0.0
