sample	SRR27281402	SRR27281403	SRR27281404	SRR27281405	SRR27281509	SRR27281511	SRR27281512	SRR27281513	SRR27281514
SRR27281402	0.0	0.00288	0.00322	0.0031	0.00293	0.00272	0.00283	0.003	0.0027
SRR27281403	0.00288	0.0	0.00307	0.00339	0.00294	0.00295	0.00285	0.00316	0.00271
SRR27281404	0.00322	0.00307	0.0	0.00267	0.00296	0.00312	0.00344	0.00328	0.00281
SRR27281405	0.0031	0.00339	0.00267	0.0	0.00295	0.00302	0.00358	0.00313	0.00294
SRR27281509	0.00293	0.00294	0.00296	0.00295	0.0	0.00287	0.00331	0.0029	0.00281
SRR27281511	0.00272	0.00295	0.00312	0.00302	0.00287	0.0	0.0033	0.00306	0.00271
SRR27281512	0.00283	0.00285	0.00344	0.00358	0.00331	0.0033	0.0	0.0034	0.00307
SRR27281513	0.003	0.00316	0.00328	0.00313	0.0029	0.00306	0.0034	0.0	0.00305
SRR27281514	0.0027	0.00271	0.00281	0.00294	0.00281	0.00271	0.00307	0.00305	0.0
