sample	SRR1607513	SRR1607514	SRR1607517	SRR1607518	SRR1607520	SRR1607522	SRR1607528	SRR1607531
SRR1607513	0.0	0.0011	0.00084	0.00116	0.00123	0.00118	0.00064	0.00097
SRR1607514	0.0011	0.0	0.00113	0.00084	0.00036	0.00078	0.00094	0.00106
SRR1607517	0.00084	0.00113	0.0	0.00099	0.00132	0.00136	0.00086	0.00107
SRR1607518	0.00116	0.00084	0.00099	0.0	0.00087	0.00117	0.00071	0.00081
SRR1607520	0.00123	0.00036	0.00132	0.00087	0.0	0.00048	0.00091	0.00117
SRR1607522	0.00118	0.00078	0.00136	0.00117	0.00048	0.0	0.00082	0.00116
SRR1607528	0.00064	0.00094	0.00086	0.00071	0.00091	0.00082	0.0	0.00051
SRR1607531	0.00097	0.00106	0.00107	0.00081	0.00117	0.00116	0.00051	0.0
