sample	SRR1607365	SRR1607369	SRR1607372	SRR1607373	SRR1607375	SRR1607377	SRR1607380	SRR1607382	SRR1607384
SRR1607365	0.0	0.00154	0.00158	0.00122	0.00149	0.00147	0.00129	0.00122	0.00152
SRR1607369	0.00154	0.0	0.00145	0.00159	0.00122	0.00197	0.00166	0.00142	0.00168
SRR1607372	0.00158	0.00145	0.0	0.00176	0.00153	0.00161	0.00185	0.00198	0.00193
SRR1607373	0.00122	0.00159	0.00176	0.0	0.00144	0.00131	0.00125	0.00141	0.00118
SRR1607375	0.00149	0.00122	0.00153	0.00144	0.0	0.00164	0.00132	0.00145	0.00149
SRR1607377	0.00147	0.00197	0.00161	0.00131	0.00164	0.0	0.00164	0.00146	0.00156
SRR1607380	0.00129	0.00166	0.00185	0.00125	0.00132	0.00164	0.0	0.00134	0.0014
SRR1607382	0.00122	0.00142	0.00198	0.00141	0.00145	0.00146	0.00134	0.0	0.00128
SRR1607384	0.00152	0.00168	0.00193	0.00118	0.00149	0.00156	0.0014	0.00128	0.0
