sample	SRR17642992	SRR17642993	SRR17642994	SRR17642995	SRR17642996	SRR17642998	SRR17642999	SRR17643011
SRR17642992	0.0	0.0018	0.00196	0.00189	0.00198	0.002	0.00199	0.00462
SRR17642993	0.0018	0.0	0.00197	0.00188	0.00194	0.00195	0.00202	0.00443
SRR17642994	0.00196	0.00197	0.0	0.00202	0.00198	0.00213	0.00207	0.00449
SRR17642995	0.00189	0.00188	0.00202	0.0	0.00195	0.00208	0.00216	0.00446
SRR17642996	0.00198	0.00194	0.00198	0.00195	0.0	0.00214	0.00221	0.0045
SRR17642998	0.002	0.00195	0.00213	0.00208	0.00214	0.0	0.00226	0.00443
SRR17642999	0.00199	0.00202	0.00207	0.00216	0.00221	0.00226	0.0	0.00451
SRR17643011	0.00462	0.00443	0.00449	0.00446	0.0045	0.00443	0.00451	0.0
