sample	SRR17643000	SRR17643001	SRR17643002	SRR17643004	SRR17643005	SRR17643006	SRR17643007	SRR17643008	SRR17643009
SRR17643000	0.0	0.00179	0.00163	0.00177	0.00162	0.00156	0.00166	0.00176	0.0016
SRR17643001	0.00179	0.0	0.00153	0.00145	0.00168	0.00158	0.00179	0.00154	0.0018
SRR17643002	0.00163	0.00153	0.0	0.0016	0.00156	0.00158	0.00152	0.00153	0.00158
SRR17643004	0.00177	0.00145	0.0016	0.0	0.00162	0.00118	0.00169	0.00113	0.0017
SRR17643005	0.00162	0.00168	0.00156	0.00162	0.0	0.00171	0.00149	0.00174	0.00172
SRR17643006	0.00156	0.00158	0.00158	0.00118	0.00171	0.0	0.00165	0.00121	0.00158
SRR17643007	0.00166	0.00179	0.00152	0.00169	0.00149	0.00165	0.0	0.00172	0.00163
SRR17643008	0.00176	0.00154	0.00153	0.00113	0.00174	0.00121	0.00172	0.0	0.00172
SRR17643009	0.0016	0.0018	0.00158	0.0017	0.00172	0.00158	0.00163	0.00172	0.0
