sample	SRR1607326	SRR1607327	SRR1607330	SRR1607332	SRR1607334	SRR1607336	SRR1607337	SRR1607342	SRR1607343
SRR1607326	0.0	0.00078	0.00108	0.00087	0.0008	0.00088	0.00075	0.00085	0.00123
SRR1607327	0.00078	0.0	0.0011	0.00098	0.00077	0.00077	0.00083	0.00072	0.00128
SRR1607330	0.00108	0.0011	0.0	0.00126	0.00116	0.00105	0.001	0.00111	0.00101
SRR1607332	0.00087	0.00098	0.00126	0.0	0.00092	0.0009	0.00094	0.0009	0.00133
SRR1607334	0.0008	0.00077	0.00116	0.00092	0.0	0.00071	0.00079	0.00087	0.00115
SRR1607336	0.00088	0.00077	0.00105	0.0009	0.00071	0.0	0.00075	0.00074	0.00119
SRR1607337	0.00075	0.00083	0.001	0.00094	0.00079	0.00075	0.0	0.00069	0.00114
SRR1607342	0.00085	0.00072	0.00111	0.0009	0.00087	0.00074	0.00069	0.0	0.00107
SRR1607343	0.00123	0.00128	0.00101	0.00133	0.00115	0.00119	0.00114	0.00107	0.0
