sample	SRR1607365	SRR1607369	SRR1607372	SRR1607373	SRR1607375	SRR1607377	SRR1607380	SRR1607382	SRR1607384
SRR1607365	0.0	0.00155	0.00159	0.00136	0.00136	0.00145	0.00138	0.00143	0.00157
SRR1607369	0.00155	0.0	0.0013	0.00151	0.00119	0.00165	0.00153	0.0016	0.00173
SRR1607372	0.00159	0.0013	0.0	0.00172	0.00127	0.00151	0.00156	0.00165	0.0018
SRR1607373	0.00136	0.00151	0.00172	0.0	0.00142	0.00126	0.0013	0.00145	0.00134
SRR1607375	0.00136	0.00119	0.00127	0.00142	0.0	0.00149	0.0011	0.00143	0.00151
SRR1607377	0.00145	0.00165	0.00151	0.00126	0.00149	0.0	0.00146	0.00149	0.00131
SRR1607380	0.00138	0.00153	0.00156	0.0013	0.0011	0.00146	0.0	0.00134	0.00146
SRR1607382	0.00143	0.0016	0.00165	0.00145	0.00143	0.00149	0.00134	0.0	0.00142
SRR1607384	0.00157	0.00173	0.0018	0.00134	0.00151	0.00131	0.00146	0.00142	0.0
