sample	SRR27281402	SRR27281403	SRR27281404	SRR27281405	SRR27281509	SRR27281511	SRR27281512	SRR27281513	SRR27281514
SRR27281402	0.0	0.003	0.00331	0.0034	0.00323	0.00299	0.00306	0.00323	0.00292
SRR27281403	0.003	0.0	0.00317	0.00348	0.00323	0.00309	0.00299	0.00306	0.00283
SRR27281404	0.00331	0.00317	0.0	0.003	0.00326	0.00314	0.00351	0.00315	0.00309
SRR27281405	0.0034	0.00348	0.003	0.0	0.00338	0.00341	0.00375	0.00329	0.00331
SRR27281509	0.00323	0.00323	0.00326	0.00338	0.0	0.00311	0.00343	0.00316	0.00307
SRR27281511	0.00299	0.00309	0.00314	0.00341	0.00311	0.0	0.00328	0.00307	0.00292
SRR27281512	0.00306	0.00299	0.00351	0.00375	0.00343	0.00328	0.0	0.00345	0.00311
SRR27281513	0.00323	0.00306	0.00315	0.00329	0.00316	0.00307	0.00345	0.0	0.00315
SRR27281514	0.00292	0.00283	0.00309	0.00331	0.00307	0.00292	0.00311	0.00315	0.0
