sample	SRR17642992	SRR17642993	SRR17642994	SRR17642995	SRR17642996	SRR17642998	SRR17642999	SRR17643011
SRR17642992	0.0	0.00161	0.00171	0.00172	0.00172	0.00164	0.00178	0.00469
SRR17642993	0.00161	0.0	0.00172	0.00169	0.00172	0.00169	0.00181	0.00469
SRR17642994	0.00171	0.00172	0.0	0.0018	0.00177	0.00176	0.00184	0.00462
SRR17642995	0.00172	0.00169	0.0018	0.0	0.00177	0.00177	0.00188	0.00461
SRR17642996	0.00172	0.00172	0.00177	0.00177	0.0	0.00177	0.00182	0.00476
SRR17642998	0.00164	0.00169	0.00176	0.00177	0.00177	0.0	0.00193	0.00456
SRR17642999	0.00178	0.00181	0.00184	0.00188	0.00182	0.00193	0.0	0.00459
SRR17643011	0.00469	0.00469	0.00462	0.00461	0.00476	0.00456	0.00459	0.0
