sample	SRR1607513	SRR1607514	SRR1607517	SRR1607518	SRR1607520	SRR1607522	SRR1607528	SRR1607531
SRR1607513	0.0	0.00086	0.00054	0.00073	0.00081	0.00089	0.00051	0.00077
SRR1607514	0.00086	0.0	0.00099	0.00072	0.00039	0.00045	0.00074	0.00096
SRR1607517	0.00054	0.00099	0.0	0.00078	0.00088	0.00097	0.0007	0.00081
SRR1607518	0.00073	0.00072	0.00078	0.0	0.00079	0.00085	0.00064	0.00069
SRR1607520	0.00081	0.00039	0.00088	0.00079	0.0	0.00039	0.00068	0.00094
SRR1607522	0.00089	0.00045	0.00097	0.00085	0.00039	0.0	0.00073	0.00087
SRR1607528	0.00051	0.00074	0.0007	0.00064	0.00068	0.00073	0.0	0.00054
SRR1607531	0.00077	0.00096	0.00081	0.00069	0.00094	0.00087	0.00054	0.0
