sample	SRR1607365	SRR1607369	SRR1607372	SRR1607373	SRR1607375	SRR1607377	SRR1607380	SRR1607382	SRR1607384
SRR1607365	0.0	0.00135	0.00121	0.00108	0.01153	0.00107	0.00113	0.00127	0.00125
SRR1607369	0.00135	0.0	0.001	0.00128	0.01146	0.00139	0.00132	0.00133	0.00143
SRR1607372	0.00121	0.001	0.0	0.00131	0.01116	0.00106	0.00115	0.00125	0.00129
SRR1607373	0.00108	0.00128	0.00131	0.0	0.01175	0.00107	0.00104	0.00125	0.00109
SRR1607375	0.01153	0.01146	0.01116	0.01175	0.0	0.01146	0.01137	0.01177	0.0119
SRR1607377	0.00107	0.00139	0.00106	0.00107	0.01146	0.0	0.00109	0.00117	0.001
SRR1607380	0.00113	0.00132	0.00115	0.00104	0.01137	0.00109	0.0	0.00115	0.00111
SRR1607382	0.00127	0.00133	0.00125	0.00125	0.01177	0.00117	0.00115	0.0	0.00118
SRR1607384	0.00125	0.00143	0.00129	0.00109	0.0119	0.001	0.00111	0.00118	0.0
