sample	SRR17642992	SRR17642993	SRR17642994	SRR17642995	SRR17642996	SRR17642998	SRR17642999	SRR17643011
SRR17642992	0.0	0.00076	0.00086	0.00081	0.00079	0.00059	0.0008	0.00405
SRR17642993	0.00076	0.0	0.00075	0.00078	0.0008	0.00061	0.00078	0.0041
SRR17642994	0.00086	0.00075	0.0	0.00082	0.00086	0.00064	0.00087	0.00408
SRR17642995	0.00081	0.00078	0.00082	0.0	0.00075	0.0006	0.00085	0.00398
SRR17642996	0.00079	0.0008	0.00086	0.00075	0.0	0.00059	0.00075	0.00402
SRR17642998	0.00059	0.00061	0.00064	0.0006	0.00059	0.0	0.00066	0.00366
SRR17642999	0.0008	0.00078	0.00087	0.00085	0.00075	0.00066	0.0	0.00396
SRR17643011	0.00405	0.0041	0.00408	0.00398	0.00402	0.00366	0.00396	0.0
