sample	SRR1607513	SRR1607514	SRR1607517	SRR1607518	SRR1607520	SRR1607522	SRR1607528	SRR1607531
SRR1607513	0.0	0.00044	6e-05	0.00029	0.00045	0.00049	0.0002	0.00021
SRR1607514	0.00044	0.0	0.00049	0.00053	0.00022	0.00028	0.00048	0.00055
SRR1607517	6e-05	0.00049	0.0	0.00032	0.00048	0.00052	0.0002	0.00021
SRR1607518	0.00029	0.00053	0.00032	0.0	0.00057	0.00061	0.00028	0.00025
SRR1607520	0.00045	0.00022	0.00048	0.00057	0.0	0.00029	0.00049	0.00054
SRR1607522	0.00049	0.00028	0.00052	0.00061	0.00029	0.0	0.00054	0.00053
SRR1607528	0.0002	0.00048	0.0002	0.00028	0.00049	0.00054	0.0	0.00018
SRR1607531	0.00021	0.00055	0.00021	0.00025	0.00054	0.00053	0.00018	0.0
