sample	SRR1607296	SRR1607299	SRR1607302	SRR1607306	SRR1607310	SRR1607316	SRR1607318	SRR1607320	SRR1607323
SRR1607296	0.0	0.00098	0.00092	0.00105	0.00094	0.00096	0.0011	0.00093	0.00092
SRR1607299	0.00098	0.0	0.00102	0.00087	0.00094	0.00105	0.00122	0.0008	0.00102
SRR1607302	0.00092	0.00102	0.0	0.00108	0.00094	0.00099	0.00115	0.00103	0.00094
SRR1607306	0.00105	0.00087	0.00108	0.0	0.0011	0.00112	0.00124	0.00086	0.0011
SRR1607310	0.00094	0.00094	0.00094	0.0011	0.0	0.00103	0.00114	0.00071	0.00098
SRR1607316	0.00096	0.00105	0.00099	0.00112	0.00103	0.0	0.00124	0.00041	0.00104
SRR1607318	0.0011	0.00122	0.00115	0.00124	0.00114	0.00124	0.0	0.0012	0.00112
SRR1607320	0.00093	0.0008	0.00103	0.00086	0.00071	0.00041	0.0012	0.0	0.001
SRR1607323	0.00092	0.00102	0.00094	0.0011	0.00098	0.00104	0.00112	0.001	0.0
