sample	SRR1607327	SRR1607330	SRR1607332	SRR1607334	SRR1607336	SRR1607337	SRR1607342	SRR1607343
SRR1607327	0.0	0.00086	0.00067	0.00069	0.00069	0.00072	0.0007	0.00113
SRR1607330	0.00086	0.0	0.00088	0.00088	0.00082	0.00086	0.00094	0.00084
SRR1607332	0.00067	0.00088	0.0	0.00071	0.00061	0.00064	0.00069	0.00104
SRR1607334	0.00069	0.00088	0.00071	0.0	0.00071	0.0007	0.00072	0.00113
SRR1607336	0.00069	0.00082	0.00061	0.00071	0.0	0.00064	0.00067	0.00105
SRR1607337	0.00072	0.00086	0.00064	0.0007	0.00064	0.0	0.00071	0.00114
SRR1607342	0.0007	0.00094	0.00069	0.00072	0.00067	0.00071	0.0	0.00106
SRR1607343	0.00113	0.00084	0.00104	0.00113	0.00105	0.00114	0.00106	0.0
