sample	SRR27281402	SRR27281403	SRR27281404	SRR27281405	SRR27281509	SRR27281511	SRR27281512	SRR27281513	SRR27281514
SRR27281402	0.0	0.00273	0.00323	0.00348	0.00322	0.00301	0.00256	0.00315	0.00283
SRR27281403	0.00273	0.0	0.00303	0.00334	0.00302	0.00292	0.0025	0.00292	0.00276
SRR27281404	0.00323	0.00303	0.0	0.00299	0.00311	0.00315	0.00306	0.00312	0.00303
SRR27281405	0.00348	0.00334	0.00299	0.0	0.00342	0.00342	0.00333	0.00331	0.00333
SRR27281509	0.00322	0.00302	0.00311	0.00342	0.0	0.00315	0.00304	0.00314	0.00304
SRR27281511	0.00301	0.00292	0.00315	0.00342	0.00315	0.0	0.00281	0.00312	0.0029
SRR27281512	0.00256	0.0025	0.00306	0.00333	0.00304	0.00281	0.0	0.00299	0.00262
SRR27281513	0.00315	0.00292	0.00312	0.00331	0.00314	0.00312	0.00299	0.0	0.00309
SRR27281514	0.00283	0.00276	0.00303	0.00333	0.00304	0.0029	0.00262	0.00309	0.0
