sample	SRR17643000	SRR17643001	SRR17643002	SRR17643004	SRR17643005	SRR17643006	SRR17643007	SRR17643008	SRR17643009
SRR17643000	0.0	0.00037	0.00036	0.00049	0.00019	0.00017	0.00038	0.00046	0.00029
SRR17643001	0.00037	0.0	0.00033	0.0002	0.00033	0.00032	0.00051	0.00026	0.00056
SRR17643002	0.00036	0.00033	0.0	0.00055	0.00033	0.00047	0.00048	0.00046	0.00053
SRR17643004	0.00049	0.0002	0.00055	0.0	0.00037	1e-05	0.00054	0	0.00064
SRR17643005	0.00019	0.00033	0.00033	0.00037	0.0	0.00048	0.00026	0.00047	0.00039
SRR17643006	0.00017	0.00032	0.00047	1e-05	0.00048	0.0	0.00045	2e-05	0.00038
SRR17643007	0.00038	0.00051	0.00048	0.00054	0.00026	0.00045	0.0	0.00055	0.00052
SRR17643008	0.00046	0.00026	0.00046	0	0.00047	2e-05	0.00055	0.0	0.00058
SRR17643009	0.00029	0.00056	0.00053	0.00064	0.00039	0.00038	0.00052	0.00058	0.0
