sample	SRR17643000	SRR17643001	SRR17643002	SRR17643004	SRR17643005	SRR17643006	SRR17643007	SRR17643008	SRR17643009
SRR17643000	0.0	0.00994	0.0101	0.01052	0.01097	0.005	0.01054	0.01028	0.01099
SRR17643001	0.00994	0.0	0.00913	0.00932	0.01022	0.00411	0.00978	0.00917	0.01039
SRR17643002	0.0101	0.00913	0.0	0.00982	0.01041	0.00448	0.00992	0.00952	0.01048
SRR17643004	0.01052	0.00932	0.00982	0.0	0.01072	0.00431	0.01027	0.0093	0.0109
SRR17643005	0.01097	0.01022	0.01041	0.01072	0.0	0.00558	0.01078	0.0106	0.0114
SRR17643006	0.005	0.00411	0.00448	0.00431	0.00558	0.0	0.00497	0.0041	0.00542
SRR17643007	0.01054	0.00978	0.00992	0.01027	0.01078	0.00497	0.0	0.01005	0.0109
SRR17643008	0.01028	0.00917	0.00952	0.0093	0.0106	0.0041	0.01005	0.0	0.01061
SRR17643009	0.01099	0.01039	0.01048	0.0109	0.0114	0.00542	0.0109	0.01061	0.0
