sample	SRR27281402	SRR27281403	SRR27281404	SRR27281405	SRR27281509	SRR27281511	SRR27281512	SRR27281513	SRR27281514
SRR27281402	0.0	0.00997	0.01068	0.01213	0.01018	0.00972	0.00965	0.01022	0.01009
SRR27281403	0.00997	0.0	0.01095	0.01242	0.01045	0.01016	0.0101	0.01052	0.01051
SRR27281404	0.01068	0.01095	0.0	0.01217	0.01076	0.01056	0.01082	0.01086	0.01095
SRR27281405	0.01213	0.01242	0.01217	0.0	0.01228	0.01205	0.01224	0.01219	0.01244
SRR27281509	0.01018	0.01045	0.01076	0.01228	0.0	0.01007	0.01031	0.01039	0.01053
SRR27281511	0.00972	0.01016	0.01056	0.01205	0.01007	0.0	0.00986	0.01013	0.01013
SRR27281512	0.00965	0.0101	0.01082	0.01224	0.01031	0.00986	0.0	0.01037	0.01026
SRR27281513	0.01022	0.01052	0.01086	0.01219	0.01039	0.01013	0.01037	0.0	0.01066
SRR27281514	0.01009	0.01051	0.01095	0.01244	0.01053	0.01013	0.01026	0.01066	0.0
