sample	SRR1607326	SRR1607327	SRR1607330	SRR1607332	SRR1607334	SRR1607336	SRR1607337	SRR1607342	SRR1607343
SRR1607326	0.0	0.0055	0.00567	0.00598	0.00267	0.00519	0.00533	0.00553	0.00274
SRR1607327	0.0055	0.0	0.0066	0.00696	0.00386	0.00619	0.00634	0.00651	0.00393
SRR1607330	0.00567	0.0066	0.0	0.00707	0.00398	0.00629	0.00643	0.00664	0.0036
SRR1607332	0.00598	0.00696	0.00707	0.0	0.00435	0.00661	0.00675	0.00697	0.0044
SRR1607334	0.00267	0.00386	0.00398	0.00435	0.0	0.00348	0.00366	0.0038	0.00114
SRR1607336	0.00519	0.00619	0.00629	0.00661	0.00348	0.0	0.00595	0.00617	0.00353
SRR1607337	0.00533	0.00634	0.00643	0.00675	0.00366	0.00595	0.0	0.00632	0.00374
SRR1607342	0.00553	0.00651	0.00664	0.00697	0.0038	0.00617	0.00632	0.0	0.00383
SRR1607343	0.00274	0.00393	0.0036	0.0044	0.00114	0.00353	0.00374	0.00383	0.0
