sample	SRR1607365	SRR1607369	SRR1607372	SRR1607373	SRR1607375	SRR1607377	SRR1607380	SRR1607382	SRR1607384
SRR1607365	0.0	0.00739	0.00762	0.0067	0.00711	0.00681	0.00719	0.00716	0.00752
SRR1607369	0.00739	0.0	0.00707	0.00655	0.00664	0.00678	0.00705	0.00689	0.00737
SRR1607372	0.00762	0.00707	0.0	0.0069	0.00699	0.00684	0.00722	0.00721	0.0076
SRR1607373	0.0067	0.00655	0.0069	0.0	0.00643	0.00606	0.00637	0.00636	0.00663
SRR1607375	0.00711	0.00664	0.00699	0.00643	0.0	0.00656	0.00655	0.00681	0.00713
SRR1607377	0.00681	0.00678	0.00684	0.00606	0.00656	0.0	0.00653	0.00643	0.00664
SRR1607380	0.00719	0.00705	0.00722	0.00637	0.00655	0.00653	0.0	0.00681	0.00709
SRR1607382	0.00716	0.00689	0.00721	0.00636	0.00681	0.00643	0.00681	0.0	0.00704
SRR1607384	0.00752	0.00737	0.0076	0.00663	0.00713	0.00664	0.00709	0.00704	0.0
