sample	SRR1607326	SRR1607327	SRR1607330	SRR1607332	SRR1607334	SRR1607336	SRR1607337	SRR1607342	SRR1607343
SRR1607326	0.0	0.00082	0.00411	0.0048	0.00296	0.00082	0.00426	0.00422	0.00119
SRR1607327	0.00082	0.0	0.00389	0.00464	0.00284	0.00072	0.00412	0.00401	0.00111
SRR1607330	0.00411	0.00389	0.0	0.00763	0.00603	0.00379	0.00711	0.00714	0.00375
SRR1607332	0.0048	0.00464	0.00763	0.0	0.00672	0.00452	0.00774	0.00776	0.00495
SRR1607334	0.00296	0.00284	0.00603	0.00672	0.0	0.00271	0.00618	0.00617	0.00311
SRR1607336	0.00082	0.00072	0.00379	0.00452	0.00271	0.0	0.00397	0.0039	0.00107
SRR1607337	0.00426	0.00412	0.00711	0.00774	0.00618	0.00397	0.0	0.00726	0.00443
SRR1607342	0.00422	0.00401	0.00714	0.00776	0.00617	0.0039	0.00726	0.0	0.00429
SRR1607343	0.00119	0.00111	0.00375	0.00495	0.00311	0.00107	0.00443	0.00429	0.0
