sample	SRR27281402	SRR27281403	SRR27281404	SRR27281405	SRR27281509	SRR27281511	SRR27281512	SRR27281513	SRR27281514
SRR27281402	0.0	0.01182	0.01259	0.01483	0.01118	0.01074	0.01243	0.01126	0.0126
SRR27281403	0.01182	0.0	0.01268	0.01493	0.0113	0.01103	0.01269	0.01137	0.0128
SRR27281404	0.01259	0.01268	0.0	0.01477	0.01169	0.01151	0.01346	0.01181	0.01335
SRR27281405	0.01483	0.01493	0.01477	0.0	0.01404	0.01381	0.01565	0.01397	0.01558
SRR27281509	0.01118	0.0113	0.01169	0.01404	0.0	0.01007	0.01203	0.01039	0.01204
SRR27281511	0.01074	0.01103	0.01151	0.01381	0.01007	0.0	0.01163	0.01013	0.01167
SRR27281512	0.01243	0.01269	0.01346	0.01565	0.01203	0.01163	0.0	0.01211	0.01347
SRR27281513	0.01126	0.01137	0.01181	0.01397	0.01039	0.01013	0.01211	0.0	0.01215
SRR27281514	0.0126	0.0128	0.01335	0.01558	0.01204	0.01167	0.01347	0.01215	0.0
