sample	SRR17642992	SRR17642993	SRR17642994	SRR17642995	SRR17642999	SRR17643011
SRR17642992	0.0	0.01237	0.01263	0.00735	0.00806	0.01315
SRR17642993	0.01237	0.0	0.01258	0.00728	0.00808	0.01329
SRR17642994	0.01263	0.01258	0.0	0.00746	0.00828	0.01338
SRR17642995	0.00735	0.00728	0.00746	0.0	0.00158	0.00447
SRR17642999	0.00806	0.00808	0.00828	0.00158	0.0	0.00473
SRR17643011	0.01315	0.01329	0.01338	0.00447	0.00473	0.0
