sample	SRR1607296	SRR1607302	SRR1607306	SRR1607310	SRR1607312	SRR1607316	SRR1607318	SRR1607320	SRR1607323
SRR1607296	0.0	0.00355	0.00445	0.00348	0.00108	0.0043	0.00315	0.00107	0.00478
SRR1607302	0.00355	0.0	0.00655	0.00568	0.00427	0.00647	0.00542	0.00369	0.00687
SRR1607306	0.00445	0.00655	0.0	0.00648	0.00508	0.00723	0.00616	0.00428	0.00766
SRR1607310	0.00348	0.00568	0.00648	0.0	0.00417	0.00642	0.00537	0.00325	0.00683
SRR1607312	0.00108	0.00427	0.00508	0.00417	0.0	0.005	0.00383	0.00124	0.00547
SRR1607316	0.0043	0.00647	0.00723	0.00642	0.005	0.0	0.00616	0.00376	0.00761
SRR1607318	0.00315	0.00542	0.00616	0.00537	0.00383	0.00616	0.0	0.00326	0.00654
SRR1607320	0.00107	0.00369	0.00428	0.00325	0.00124	0.00376	0.00326	0.0	0.00491
SRR1607323	0.00478	0.00687	0.00766	0.00683	0.00547	0.00761	0.00654	0.00491	0.0
