sample	SRR17643000	SRR17643001	SRR17643002	SRR17643004	SRR17643005	SRR17643007	SRR17643008
SRR17643000	0.0	0.01025	0.01139	0.01109	0.01159	0.01086	0.01149
SRR17643001	0.01025	0.0	0.01014	0.00959	0.01054	0.00978	0.01007
SRR17643002	0.01139	0.01014	0.0	0.01107	0.0117	0.0109	0.01139
SRR17643004	0.01109	0.00959	0.01107	0.0	0.01131	0.01054	0.01046
SRR17643005	0.01159	0.01054	0.0117	0.01131	0.0	0.01109	0.01181
SRR17643007	0.01086	0.00978	0.0109	0.01054	0.01109	0.0	0.01094
SRR17643008	0.01149	0.01007	0.01139	0.01046	0.01181	0.01094	0.0
