sample	SRR1607365	SRR1607369	SRR1607372	SRR1607373	SRR1607375	SRR1607377	SRR1607380	SRR1607382	SRR1607384
SRR1607365	0.0	0.00579	0.00859	0.00821	0.00817	0.00556	0.00564	0.00804	0.00513
SRR1607369	0.00579	0.0	0.00448	0.0045	0.00411	0.00148	0.00154	0.00405	0.00142
SRR1607372	0.00859	0.00448	0.0	0.00757	0.0072	0.00458	0.00469	0.00729	0.00418
SRR1607373	0.00821	0.0045	0.00757	0.0	0.00715	0.00437	0.00433	0.00695	0.00383
SRR1607375	0.00817	0.00411	0.0072	0.00715	0.0	0.00434	0.00405	0.00694	0.00377
SRR1607377	0.00556	0.00148	0.00458	0.00437	0.00434	0.0	0.00125	0.0039	0.00094
SRR1607380	0.00564	0.00154	0.00469	0.00433	0.00405	0.00125	0.0	0.00399	0.00114
SRR1607382	0.00804	0.00405	0.00729	0.00695	0.00694	0.0039	0.00399	0.0	0.00335
SRR1607384	0.00513	0.00142	0.00418	0.00383	0.00377	0.00094	0.00114	0.00335	0.0
