sample	unclassified-seq_SRR097730	unclassified-seq_SRR098322	unclassified-seq_SRR098324	unclassified-seq_SRR105048	unclassified-seq_SRR1686794	unclassified-seq_SRR1686796	unclassified-seq_SRR1686797	unclassified-seq_SRR1686964	unclassified-seq_SRR1686966	unclassified-seq_SRR1686969	unclassified-seq_SRR1686971	unclassified-seq_SRR1687447	unclassified-seq_SRR1687453	unclassified-seq_SRR1687462	unclassified-seq_SRR1687511	unclassified-seq_SRR1687546	unclassified-seq_SRR1687620	unclassified-seq_SRR1687668	unclassified-seq_SRR1687770	unclassified-seq_SRR1687793	unclassified-seq_SRR1687832	unclassified-seq_SRR1688188	unclassified-seq_SRR1688222	unclassified-seq_SRR1693789	unclassified-seq_SRR1695496	unclassified-seq_SRR1695498	unclassified-seq_SRR1696798	unclassified-seq_SRR1696800	unclassified-seq_SRR1696806	unclassified-seq_SRR1696807	unclassified-seq_SRR1696808	unclassified-seq_SRR1696809	unclassified-seq_SRR1696810	unclassified-seq_SRR1696811	unclassified-seq_SRR1696816	unclassified-seq_SRR1696817	unclassified-seq_SRR1696818	unclassified-seq_SRR1696819	unclassified-seq_SRR1696822	unclassified-seq_SRR1696824	unclassified-seq_SRR1696825	unclassified-seq_SRR1696869	unclassified-seq_SRR1696871	unclassified-seq_SRR1696895	unclassified-seq_SRR1696973	unclassified-seq_SRR1696974	unclassified-seq_SRR1696985	unclassified-seq_SRR1696986	unclassified-seq_SRR1696987	unclassified-seq_SRR1696988	unclassified-seq_SRR1696989	unclassified-seq_SRR1696990	unclassified-seq_SRR1696991	unclassified-seq_SRR1696992	unclassified-seq_SRR1696993	unclassified-seq_SRR1696994	unclassified-seq_SRR1696995	unclassified-seq_SRR1703033	unclassified-seq_SRR189038	unclassified-seq_SRR189040	unclassified-seq_SRR189041	unclassified-seq_SRR189042	unclassified-seq_SRR189044	unclassified-seq_SRR189045	unclassified-seq_SRR189046	unclassified-seq_SRR189047	unclassified-seq_SRR189048	unclassified-seq_SRR189049	unclassified-seq_SRR189050	unclassified-seq_SRR189051	unclassified-seq_SRR189053	unclassified-seq_SRR189056	unclassified-seq_SRR189057	unclassified-seq_SRR189058	unclassified-seq_SRR189059	unclassified-seq_SRR189075	unclassified-seq_SRR189076	unclassified-seq_SRR189077	unclassified-seq_SRR189078	unclassified-seq_SRR189082	unclassified-seq_SRR189083	unclassified-seq_SRR189084	unclassified-seq_SRR189085	unclassified-seq_SRR189088	unclassified-seq_SRR189089	unclassified-seq_SRR189090	unclassified-seq_SRR189091	unclassified-seq_SRR189093	unclassified-seq_SRR189094	unclassified-seq_SRR189095	unclassified-seq_SRR189096	unclassified-seq_SRR189100	unclassified-seq_SRR189101	unclassified-seq_SRR189102	unclassified-seq_SRR189104	unclassified-seq_SRR189105	unclassified-seq_SRR189106	unclassified-seq_SRR189107	unclassified-seq_SRR189109	unclassified-seq_SRR189114	unclassified-seq_SRR189115	unclassified-seq_SRR189117	unclassified-seq_SRR189118	unclassified-seq_SRR189120	unclassified-seq_SRR189121	unclassified-seq_SRR189122	unclassified-seq_SRR189239	unclassified-seq_SRR189242	unclassified-seq_SRR189243	unclassified-seq_SRR189245	unclassified-seq_SRR189246	unclassified-seq_SRR189248	unclassified-seq_SRR189251	unclassified-seq_SRR189252	unclassified-seq_SRR189254	unclassified-seq_SRR189255	unclassified-seq_SRR189256	unclassified-seq_SRR189257	unclassified-seq_SRR189258	unclassified-seq_SRR189260	unclassified-seq_SRR189261	unclassified-seq_SRR189262	unclassified-seq_SRR189263	unclassified-seq_SRR189264	unclassified-seq_SRR189265	unclassified-seq_SRR189266	unclassified-seq_SRR189267	unclassified-seq_SRR189268	unclassified-seq_SRR189269	unclassified-seq_SRR189270	unclassified-seq_SRR189272	unclassified-seq_SRR189273	unclassified-seq_SRR189274	unclassified-seq_SRR189277	unclassified-seq_SRR189279	unclassified-seq_SRR189281	unclassified-seq_SRR189283	unclassified-seq_SRR189374	unclassified-seq_SRR189375	unclassified-seq_SRR189380	unclassified-seq_SRR189381	unclassified-seq_SRR189382	unclassified-seq_SRR189383	unclassified-seq_SRR189384	unclassified-seq_SRR189385	unclassified-seq_SRR189386	unclassified-seq_SRR189387	unclassified-seq_SRR189388	unclassified-seq_SRR189389	unclassified-seq_SRR189390	unclassified-seq_SRR189393	unclassified-seq_SRR189395	unclassified-seq_SRR189398	unclassified-seq_SRR189400	unclassified-seq_SRR189407	unclassified-seq_SRR189408	unclassified-seq_SRR189409	unclassified-seq_SRR189411	unclassified-seq_SRR189412	unclassified-seq_SRR189414	unclassified-seq_SRR189415	unclassified-seq_SRR189416	unclassified-seq_SRR189420	unclassified-seq_SRR189421	unclassified-seq_SRR189422	unclassified-seq_SRR189423	unclassified-seq_SRR203329	unclassified-seq_SRR203334	unclassified-seq_SRR218317	unclassified-seq_SRR248122	unclassified-seq_SRR306609	unclassified-seq_SRR306611	unclassified-seq_SRR306612	unclassified-seq_SRR306614	unclassified-seq_SRR306616	unclassified-seq_SRR306618	unclassified-seq_SRR306619	unclassified-seq_SRR306621	unclassified-seq_SRR306622	unclassified-seq_SRR306623	unclassified-seq_SRR306624	unclassified-seq_SRR306629	unclassified-seq_SRR306630	unclassified-seq_SRR306631	unclassified-seq_SRR306632	unclassified-seq_SRR306633	unclassified-seq_SRR306634	unclassified-seq_SRR309280	unclassified-seq_SRR326790	unclassified-seq_SRR346922	unclassified-seq_SRR354004	unclassified-seq_SRR654677	unclassified-seq_SRR654679	unclassified-seq_SRR900425
unclassified-seq_SRR097730	0.0	0.0535699	0.0485599	0.0577756	0.030529	0.0314192	0.0303633	0.0301607	0.0307612	0.0302799	0.0293799	0.0307198	0.0313754	0.0333457	0.0308279	0.0319737	0.0363451	0.0296664	0.0314992	0.0306882	0.0346972	0.0341583	0.0339748	0.032159	0.0328882	0.0303976	0.0324976	0.0333077	0.0325555	0.032648	0.0315829	0.0343549	0.0350103	0.0348853	0.0351891	0.0303773	0.0309872	0.0314383	0.0321939	0.0308148	0.0346686	0.0313967	0.0330449	0.0309541	0.0311932	0.0311765	0.0314113	0.0313619	0.0309696	0.0312021	0.0313597	0.0313249	0.0317991	0.0308093	0.03046	0.0297413	0.0306003	0.0310335	0.0330014	0.0303751	0.0327731	0.0373928	0.0327696	0.0299274	0.0334206	0.032065	0.0329435	0.0325176	0.0325508	0.0381066	0.0330376	0.0332845	0.0379714	0.0339295	0.0339635	0.0410516	0.0344564	0.033883	0.0336929	0.0348041	0.0328798	0.0382835	0.0327743	0.0323235	0.0323822	0.0301798	0.0303366	0.0298299	0.0324516	0.0331103	0.0293779	0.0340582	0.0324233	0.0331553	0.0323716	0.0330183	0.0326694	0.0332845	0.0330074	0.0328378	0.0381413	0.0338027	0.0389391	0.0327887	0.033729	0.0341787	0.0332833	0.0331516	0.0343152	0.0330135	0.0338491	0.0364081	0.0397468	0.0375571	0.0330958	0.0342067	0.035273	0.0364445	0.0375115	0.0339925	0.0336506	0.0344667	0.0339207	0.0340126	0.0337965	0.0334785	0.034468	0.0329628	0.0339509	0.0365402	0.0336867	0.0330667	0.0333776	0.0336183	0.033995	0.0314012	0.0344024	0.0330183	0.0337153	0.0335799	0.0335205	0.0353935	0.0334798	0.0335069	0.033769	0.0333077	0.0348421	0.0324021	0.0343242	0.0337965	0.0337552	0.0332735	0.0336369	0.0337752	0.0338215	0.0338002	0.0340822	0.0341114	0.0334034	0.0327971	0.0344796	0.0331443	0.0375041	0.0381141	0.0382456	0.0330364	0.0335886	0.0346699	0.0321613	0.03538	0.0318312	0.03107	0.0315376	0.0322195	0.0309662	0.0306632	0.0307231	0.0326219	0.0331857	0.0329471	0.0317991	0.0309519	0.0311854	0.0321102	0.0312869	0.0307362	0.031059	0.034378	0.0335749	0.0335304	0.039228	0.0330824	0.035079	0.0352024
unclassified-seq_SRR098322	0.0535699	0.0	0.061106	0.0736386	0.0515595	0.0520329	0.0515672	0.0515647	0.0509707	0.05149	0.0503259	0.0523205	0.0533952	0.0559288	0.052004	0.0540667	0.0575394	0.05065	0.0534921	0.0513848	0.0527808	0.0519072	0.0514386	0.0534035	0.0547205	0.0515054	0.0536953	0.0542914	0.0530931	0.0538522	0.0528321	0.0530276	0.0536227	0.0525416	0.0541149	0.0505011	0.0515054	0.0523576	0.053531	0.0516059	0.0561851	0.0530658	0.054166	0.0519203	0.0527268	0.0526838	0.0521539	0.0521301	0.0517509	0.0516189	0.0523497	0.0525577	0.0524908	0.0531888	0.0513285	0.0507673	0.0512342	0.0520276	0.0553342	0.0499426	0.0540327	0.0542543	0.0549333	0.0504096	0.0553372	0.0535337	0.0538803	0.0540327	0.0539141	0.0552009	0.0541688	0.0550418	0.055516	0.0554801	0.0550888	0.0566145	0.0554116	0.0548456	0.0553105	0.0558409	0.0539931	0.0559866	0.0541404	0.053219	0.0534616	0.0498434	0.0493674	0.0486221	0.0530603	0.0543887	0.0487745	0.0556329	0.0539085	0.0530931	0.0542886	0.0548807	0.0538354	0.0549538	0.0550712	0.0543773	0.0571174	0.05503	0.057562	0.054112	0.0555429	0.0557925	0.0543486	0.0536255	0.0550418	0.0537372	0.055192	0.0550271	0.0564005	0.055847	0.0547321	0.055192	0.0558833	0.0548719	0.0555579	0.0546018	0.0540242	0.0550888	0.0550623	0.054767	0.0547612	0.0540525	0.055853	0.0539197	0.0555519	0.0570414	0.05503	0.0538635	0.054061	0.0536674	0.0537933	0.0513771	0.0559744	0.053274	0.0543801	0.0541717	0.0545354	0.0568051	0.0544433	0.0546133	0.0547903	0.0542343	0.0557744	0.0539423	0.0526408	0.0544864	0.0545008	0.0541376	0.0544893	0.0547699	0.0551507	0.0551507	0.0551065	0.056078	0.0540525	0.0543658	0.0547525	0.0543	0.0552275	0.0558742	0.0554861	0.0545037	0.0530603	0.0538888	0.0539508	0.0548282	0.0529514	0.0520539	0.0521882	0.0533787	0.0509078	0.0508701	0.052167	0.0525282	0.0532685	0.0529107	0.0514335	0.050506	0.0506475	0.0525577	0.051624	0.0509808	0.0513976	0.0540837	0.0539057	0.053318	0.0579812	0.0523178	0.0544835	0.0564067
unclassified-seq_SRR098324	0.0485599	0.061106	0.0	0.0684859	0.0457717	0.0467375	0.046018	0.0457799	0.0457779	0.0457902	0.044915	0.047228	0.0473395	0.0505655	0.0462689	0.0485737	0.0520539	0.0449748	0.0474251	0.0459993	0.0476969	0.0471757	0.0460993	0.047938	0.049047	0.0459163	0.0483517	0.0485714	0.0476503	0.0484911	0.0475176	0.047929	0.0481632	0.0480211	0.0489419	0.045274	0.0463721	0.046933	0.0476769	0.0463594	0.0507823	0.0474163	0.0491338	0.0461453	0.0473614	0.0474492	0.0467568	0.0468512	0.0465478	0.0461599	0.0469373	0.047067	0.0471539	0.047522	0.0461035	0.045137	0.0460722	0.0471213	0.0495052	0.0446673	0.0491173	0.0491879	0.0493342	0.0444807	0.0502326	0.0487884	0.0486774	0.0483267	0.0485117	0.0495864	0.0490845	0.0492232	0.0507323	0.050511	0.050013	0.0523816	0.050262	0.0498096	0.0499281	0.0503579	0.0486566	0.0507873	0.0487815	0.0480414	0.048288	0.0448394	0.0443168	0.0438259	0.0480368	0.0489209	0.0436454	0.0503677	0.0484156	0.0476947	0.048354	0.0492091	0.0482221	0.049747	0.0494196	0.0488673	0.0517899	0.0495482	0.0525229	0.0486982	0.0501152	0.0504146	0.0491314	0.0487861	0.0494743	0.0484065	0.0501396	0.0493958	0.0518707	0.0510287	0.0491973	0.0497952	0.0505357	0.0495768	0.0504912	0.0494862	0.0489046	0.0497182	0.0495768	0.0495124	0.0492822	0.0486566	0.0504986	0.0484385	0.0503973	0.0520355	0.0494838	0.0491761	0.0483882	0.0482335	0.0488348	0.0461285	0.0501494	0.0482812	0.049384	0.0490119	0.0490213	0.051326	0.0493674	0.0490376	0.0497976	0.0489909	0.0503013	0.0484682	0.0481655	0.0487305	0.0491526	0.0488395	0.0494125	0.049675	0.0497591	0.049945	0.0492586	0.0507948	0.0486774	0.0488464	0.0495029	0.048865	0.0507323	0.0508902	0.0511148	0.0489582	0.0480819	0.0491267	0.0483677	0.0500397	0.047708	0.0471191	0.0470519	0.0476525	0.046139	0.0461264	0.0466947	0.0474625	0.0482993	0.0479156	0.0465095	0.0451893	0.0453954	0.0471713	0.0458418	0.0456484	0.0460493	0.0488767	0.0485324	0.0485898	0.0532025	0.04718	0.0496534	0.051097
unclassified-seq_SRR105048	0.0577756	0.0736386	0.0684859	0.0	0.0545758	0.0550447	0.0544691	0.0544806	0.0542543	0.0551507	0.0531587	0.0557835	0.0541234	0.0597042	0.0545267	0.0538466	0.0584235	0.0536339	0.0540355	0.0548573	0.0552098	0.0552009	0.0562342	0.0558863	0.0558016	0.0540723	0.0561544	0.0564562	0.0563326	0.056627	0.0555939	0.0561636	0.0559957	0.0571174	0.0567019	0.0541149	0.0551655	0.0547263	0.0545584	0.0547438	0.0587112	0.0541347	0.0587819	0.054203	0.0560872	0.05434	0.0549421	0.0557141	0.0554712	0.0544634	0.0554831	0.0544002	0.0552334	0.0540101	0.0546307	0.0535532	0.0547612	0.0552867	0.0591109	0.0526757	0.0583205	0.0575523	0.0572542	0.0531177	0.0582312	0.0568711	0.0581454	0.0576169	0.0577594	0.0580008	0.0586507	0.0583969	0.0613121	0.0593543	0.0585202	0.0621296	0.0608904	0.0586205	0.0582874	0.060094	0.0583437	0.0616542	0.0572861	0.0576816	0.0578603	0.0526945	0.0528078	0.0526166	0.0572861	0.0585871	0.0517639	0.0590428	0.0574879	0.0577302	0.0575491	0.0584668	0.0577659	0.0586574	0.0584668	0.0578537	0.0591485	0.0589952	0.0606982	0.0584202	0.0585971	0.0593371	0.0582378	0.058304	0.0588833	0.0582179	0.0594647	0.0594543	0.0628349	0.0588494	0.0581849	0.0593612	0.0599353	0.058577	0.0585102	0.0587583	0.0584735	0.0585971	0.0596241	0.0599599	0.0587516	0.0583736	0.0597531	0.058175	0.0587348	0.0619173	0.0586306	0.058968	0.0586138	0.0569908	0.0574301	0.0542572	0.0596311	0.058304	0.058304	0.0592032	0.0593405	0.0609122	0.0591143	0.0586273	0.0587348	0.0583338	0.0602714	0.0575394	0.0594129	0.0591827	0.0592169	0.0574911	0.0588562	0.0592581	0.0580631	0.0587314	0.0593302	0.0597042	0.0591553	0.0582742	0.059837	0.0587617	0.0615534	0.0610656	0.0617817	0.0578407	0.0566831	0.0580599	0.0577075	0.0588461	0.0556299	0.0553016	0.0561973	0.0564562	0.0554205	0.0544433	0.0550535	0.0557472	0.0569687	0.0562833	0.0548953	0.0547525	0.0545123	0.055853	0.0547234	0.0539818	0.0550594	0.0567394	0.0566145	0.0569529	0.0623091	0.055696	0.0581125	0.060905
unclassified-seq_SRR1686794	0.030529	0.0515595	0.0457717	0.0545758	0.0	0.0270862	0.0255171	0.026022	0.0260133	0.0255939	0.0242706	0.0261796	0.0257078	0.0298456	0.0255572	0.0260447	0.0301904	0.0246322	0.0258042	0.0252735	0.0304009	0.0297923	0.0302106	0.026827	0.026937	0.0251821	0.0272688	0.0274662	0.0271939	0.0274961	0.0262607	0.0299936	0.030685	0.0310115	0.0307809	0.0264219	0.0274195	0.0269845	0.0274755	0.0268724	0.0310922	0.0272142	0.0299127	0.0278723	0.0277089	0.026817	0.0272503	0.0273487	0.0270101	0.0278161	0.0276494	0.0275768	0.0277629	0.0273878	0.0267862	0.025743	0.0264263	0.0269763	0.0306709	0.0257456	0.0305592	0.0347154	0.029709	0.0253899	0.0306404	0.0290841	0.0305257	0.0298969	0.0299631	0.0353011	0.0307253	0.0293023	0.0342207	0.0299515	0.0297454	0.038182	0.0324457	0.0299873	0.0303312	0.0313261	0.0290175	0.0354458	0.0293973	0.0297788	0.0300337	0.0258336	0.0259802	0.0259176	0.0296727	0.0310612	0.025106	0.0311732	0.0300073	0.0312657	0.0301989	0.0307558	0.0303034	0.0309025	0.0306198	0.0301087	0.0354472	0.031121	0.0362363	0.0302511	0.0313451	0.0318725	0.0306014	0.0301024	0.0316452	0.0302053	0.0313115	0.033769	0.037767	0.0344628	0.0306123	0.031161	0.0326385	0.0332747	0.0344989	0.0313586	0.0308783	0.0318427	0.0316293	0.0319656	0.0307612	0.0310468	0.03179	0.0302543	0.0308443	0.0343075	0.0306774	0.0306948	0.0303248	0.0292534	0.0296799	0.0267609	0.0312055	0.0303773	0.0310391	0.0307514	0.0307481	0.0329074	0.0305852	0.0305917	0.0307918	0.0300876	0.0318346	0.0294301	0.0308257	0.0308082	0.031131	0.0299873	0.0307656	0.0309773	0.0306926	0.0311832	0.0312646	0.0312724	0.0311066	0.030516	0.0314372	0.0302671	0.0352384	0.0354431	0.0360038	0.0298299	0.0291397	0.030095	0.0304654	0.030953	0.0281198	0.0274363	0.0280841	0.0284602	0.0276154	0.0273673	0.0273273	0.0279133	0.028678	0.0284357	0.0271128	0.0263926	0.0265334	0.0276239	0.027134	0.0262421	0.0266006	0.02908	0.0285575	0.028685	0.0345299	0.0284347	0.0302469	0.0320916
unclassified-seq_SRR1686796	0.0314192	0.0520329	0.0467375	0.0550447	0.0270862	0.0	0.0270807	0.0264272	0.0266905	0.0274755	0.0262792	0.027725	0.0268061	0.0307896	0.0272152	0.0272105	0.0315568	0.0261585	0.0269352	0.0271257	0.029982	0.0296851	0.0304589	0.0284828	0.0284847	0.0266437	0.0287117	0.0289031	0.0288741	0.0289632	0.0279707	0.0307024	0.0303248	0.0321311	0.0316885	0.026704	0.0274139	0.0275083	0.0280562	0.0270816	0.0311932	0.0268397	0.0301204	0.028035	0.0281894	0.0273915	0.0279774	0.0280197	0.0278142	0.0282504	0.0282165	0.0276976	0.0276305	0.0275609	0.0279861	0.026866	0.0274297	0.0279506	0.0314868	0.0248599	0.0318656	0.0353961	0.0307187	0.0267274	0.031766	0.0304159	0.032043	0.0313978	0.0314721	0.0359062	0.0319922	0.0308432	0.0358938	0.0313978	0.0315048	0.0384893	0.0329748	0.0316919	0.0313283	0.0321788	0.030557	0.0365599	0.0301109	0.0291376	0.0291853	0.0255853	0.0254373	0.0254077	0.0290165	0.0306285	0.024285	0.0323095	0.0307492	0.030475	0.0312467	0.0317683	0.0303537	0.0319265	0.031782	0.0314699	0.0357408	0.0322452	0.0355604	0.0314699	0.0321985	0.0329785	0.0309299	0.030698	0.0307569	0.0308586	0.0305419	0.0337515	0.0370863	0.0332759	0.0304912	0.0324622	0.0331431	0.0338253	0.0335032	0.0319115	0.0305279	0.0312545	0.0328942	0.0332198	0.032021	0.0308838	0.0325342	0.0311254	0.0323247	0.0355105	0.0319968	0.031758	0.0314958	0.030148	0.0304697	0.0274232	0.0323646	0.0309255	0.0314361	0.032109	0.0323095	0.0333838	0.0319242	0.0318713	0.0320384	0.0315071	0.033596	0.0305387	0.0326254	0.0323329	0.0324045	0.0312445	0.0324292	0.0324586	0.0323083	0.0321834	0.0327875	0.0321671	0.0322592	0.0314969	0.0327039	0.0317454	0.0368723	0.0371629	0.0366376	0.030985	0.0302138	0.0314462	0.0313115	0.0317717	0.0292107	0.0271856	0.0280072	0.0293257	0.0268724	0.0273124	0.0283107	0.0289001	0.029655	0.0290568	0.0286068	0.0278009	0.0277373	0.0283419	0.0272911	0.0274204	0.0277487	0.0300823	0.0293268	0.0295774	0.0358309	0.0295371	0.0311966	0.0337902
unclassified-seq_SRR1686797	0.0303633	0.0515672	0.046018	0.0544691	0.0255171	0.0270807	0.0	0.0255188	0.026029	0.025308	0.024576	0.0253282	0.0258613	0.0283068	0.0257379	0.0261735	0.0304374	0.0247211	0.0255444	0.0254119	0.030609	0.0302149	0.0304837	0.026817	0.0271976	0.0249714	0.0270706	0.0277155	0.0275046	0.0271	0.026686	0.0302724	0.0307995	0.0312278	0.0308279	0.0267645	0.0270687	0.026969	0.0274045	0.0266581	0.0296436	0.0268379	0.0286552	0.02728	0.0271174	0.0264388	0.0270348	0.0272985	0.0269726	0.0271838	0.0268878	0.027743	0.0273673	0.0272438	0.0263908	0.025844	0.0261322	0.0268533	0.0298634	0.0260709	0.0300253	0.0348867	0.029876	0.0255734	0.0307242	0.0290952	0.0305031	0.0301024	0.0300506	0.0351002	0.0305322	0.0292361	0.0346647	0.0298362	0.0299137	0.0379085	0.0315014	0.0300042	0.0302021	0.0312512	0.0291053	0.0360286	0.0293605	0.0296633	0.0295206	0.0264539	0.0265182	0.0259863	0.0293994	0.0299557	0.0252777	0.0312802	0.0299894	0.0303826	0.0302906	0.0301628	0.0300242	0.030698	0.0307885	0.0300242	0.0351135	0.0310358	0.0360603	0.030343	0.0311421	0.0312501	0.0304052	0.029898	0.0317272	0.0304546	0.0312389	0.0340822	0.0381322	0.0346192	0.0302756	0.0312044	0.0318794	0.0338616	0.0344191	0.0312489	0.0307874	0.0310889	0.0315037	0.0316044	0.0307973	0.0313462	0.0315455	0.0300158	0.0309145	0.0333016	0.0306904	0.030373	0.0303612	0.0291883	0.0294969	0.0271239	0.0310789	0.0307416	0.0313205	0.0306719	0.0306698	0.0323083	0.0304073	0.0302532	0.0306188	0.0302756	0.0322452	0.0290296	0.0308783	0.0305376	0.0307263	0.0296841	0.0307831	0.030897	0.0307427	0.0305408	0.0313395	0.0312378	0.0306177	0.0301565	0.0311321	0.0301628	0.0355563	0.0355766	0.0362823	0.0297402	0.0291002	0.0304632	0.0304524	0.0305917	0.028113	0.0274727	0.0284181	0.0286335	0.0277885	0.0275872	0.0270697	0.0281043	0.0283956	0.028233	0.0272586	0.0266527	0.0265997	0.0274999	0.0267943	0.0264914	0.0266239	0.0294692	0.0286661	0.0288661	0.0347115	0.028471	0.0304977	0.0322452
unclassified-seq_SRR1686964	0.0301607	0.0515647	0.0457799	0.0544806	0.026022	0.0264272	0.0255188	0.0	0.0258129	0.0253907	0.024883	0.0252391	0.0263146	0.0275271	0.0260203	0.026807	0.0312122	0.0251119	0.0260281	0.0259463	0.0304116	0.0305074	0.0306209	0.0272263	0.0276164	0.0252845	0.0276098	0.0283234	0.028086	0.027454	0.027022	0.0307067	0.0308016	0.0315715	0.0313496	0.0266509	0.0271709	0.027412	0.0277354	0.026632	0.0293196	0.0265191	0.0278618	0.0273041	0.0265889	0.0265477	0.0272059	0.0273673	0.0271165	0.0270321	0.0268915	0.0275966	0.0263402	0.0271755	0.0264807	0.0261743	0.026342	0.0266761	0.0290105	0.0256529	0.0298948	0.0345907	0.0299253	0.0259393	0.0306828	0.029163	0.0302522	0.0303644	0.0299211	0.0353894	0.0302426	0.0297882	0.0347793	0.0299621	0.0302341	0.0385891	0.0303505	0.0300548	0.0302682	0.0309156	0.0289813	0.0354485	0.0294538	0.0285605	0.0284612	0.026668	0.0262289	0.0257775	0.0282621	0.0287236	0.0250569	0.03122	0.0298488	0.0297965	0.0301618	0.0299221	0.0299421	0.0308476	0.0309486	0.0302128	0.0351121	0.0313026	0.0358404	0.0304137	0.0309277	0.0311055	0.0299431	0.0296945	0.0313384	0.0302309	0.030166	0.033809	0.0373315	0.0338591	0.0302959	0.0315557	0.0318874	0.0335069	0.0340582	0.0311376	0.0301745	0.030281	0.0315342	0.0313776	0.0309607	0.0304815	0.0316555	0.0303408	0.0309069	0.0331942	0.031141	0.0304342	0.0305462	0.0293339	0.0296789	0.0273691	0.0311055	0.0304137	0.0304772	0.0310457	0.0307253	0.0318633	0.0304987	0.0304406	0.0309069	0.030344	0.0324999	0.0290276	0.0314811	0.0306752	0.0306079	0.0299789	0.0308542	0.0310734	0.0310192	0.0307318	0.031961	0.0308794	0.0302885	0.0300833	0.0309365	0.030148	0.0356389	0.0357462	0.0360672	0.0297965	0.0295402	0.030953	0.0302874	0.0308717	0.0285368	0.027762	0.0285014	0.0289422	0.0273645	0.0269836	0.0273412	0.0285752	0.0283995	0.0283107	0.0276701	0.026906	0.0270917	0.0275477	0.0265934	0.0269452	0.0269042	0.0299211	0.0288811	0.0291387	0.0352717	0.0289502	0.0305863	0.0324598
unclassified-seq_SRR1686966	0.0307612	0.0509707	0.0457779	0.0542543	0.0260133	0.0266905	0.026029	0.0258129	0.0	0.0260002	0.0251094	0.0263713	0.0264807	0.0295011	0.0262633	0.0267446	0.031121	0.0253097	0.0266491	0.0261673	0.0301989	0.0299694	0.0302383	0.0272939	0.0279669	0.0256563	0.0277771	0.0282456	0.0278304	0.0280014	0.0269133	0.0307995	0.0305765	0.0313709	0.031278	0.0263385	0.0270935	0.0270293	0.0279506	0.0268642	0.0308279	0.0273775	0.0294928	0.0275571	0.0274587	0.0272235	0.0275121	0.0275703	0.0272281	0.0278447	0.0276513	0.0276616	0.0273766	0.0273971	0.0269635	0.0262474	0.0267726	0.0271773	0.0306231	0.0257525	0.0306513	0.0348513	0.0301883	0.0259689	0.0310236	0.0294312	0.0306676	0.0305982	0.0303633	0.0354902	0.0309014	0.0300654	0.0349445	0.0304105	0.0303344	0.0385768	0.0317866	0.0305398	0.0305928	0.0310911	0.0293543	0.0357136	0.0297329	0.0294209	0.0291832	0.0258725	0.0258232	0.0256067	0.0291478	0.030358	0.0246705	0.031774	0.030297	0.0302735	0.0302245	0.03077	0.0299053	0.0312858	0.0313832	0.0304901	0.0355374	0.0313821	0.0360686	0.0306665	0.0314192	0.0319783	0.0306047	0.0302426	0.0314856	0.0303815	0.0309025	0.0337702	0.0373417	0.0342029	0.0304761	0.0315466	0.0321706	0.0335131	0.0341139	0.0314563	0.0305128	0.0313238	0.0319576	0.031635	0.0311821	0.0307002	0.0321694	0.0304342	0.0313619	0.0341494	0.0311188	0.0310988	0.0305246	0.0295309	0.0297809	0.0272069	0.031489	0.0304191	0.0311888	0.0310026	0.0309662	0.0327528	0.0309839	0.0307918	0.0311665	0.0307438	0.0323259	0.0297506	0.03108	0.0310457	0.0309894	0.0300242	0.0311421	0.0314417	0.0312612	0.0312702	0.0318209	0.0316169	0.0308816	0.0307809	0.0316532	0.0306123	0.0358186	0.0358063	0.0359693	0.0300379	0.029288	0.0306795	0.0307656	0.0311432	0.028523	0.0277326	0.0282252	0.02868	0.0274643	0.0272855	0.0276522	0.0283049	0.0288971	0.0286256	0.0276277	0.026937	0.026937	0.0279832	0.026917	0.0267383	0.0269662	0.0296737	0.0290075	0.0289713	0.0349892	0.0287336	0.0305949	0.0325732
unclassified-seq_SRR1686969	0.0302799	0.05149	0.0457902	0.0551507	0.0255939	0.0274755	0.025308	0.0253907	0.0260002	0.0	0.0244481	0.0247154	0.0263358	0.0272605	0.0255052	0.0267753	0.0310579	0.0238722	0.0261331	0.0252106	0.0308356	0.0307024	0.0306437	0.0269872	0.0277051	0.0248327	0.0269388	0.0277146	0.0270972	0.0269617	0.0265137	0.030942	0.0312356	0.0312055	0.031363	0.0268706	0.026846	0.0273106	0.0279727	0.0268342	0.029423	0.0271119	0.0279344	0.027441	0.0266572	0.0271331	0.0272364	0.0272586	0.027011	0.0273143	0.0269754	0.0285467	0.0278151	0.0280466	0.0265961	0.0262421	0.0265629	0.0266365	0.0292961	0.0262995	0.030114	0.0350711	0.0301299	0.0259732	0.0307601	0.0293523	0.0302458	0.0303633	0.0299001	0.0357858	0.0302234	0.0292289	0.0345713	0.0294795	0.029683	0.037828	0.030343	0.0292523	0.0302906	0.0310192	0.0286552	0.0353198	0.0293676	0.0293769	0.0289382	0.0266725	0.0265182	0.0261191	0.0290044	0.0295815	0.025518	0.0316271	0.0297444	0.0302447	0.0301066	0.0303098	0.0299852	0.0310391	0.0310015	0.0305085	0.0359007	0.0313194	0.0366787	0.0304815	0.0313496	0.0311665	0.0305128	0.0299263	0.0316487	0.0300897	0.0310137	0.0341228	0.0376944	0.0348722	0.0303998	0.0314563	0.0315003	0.0341266	0.0345933	0.0313619	0.0307057	0.031211	0.0312389	0.0310545	0.0312077	0.0307612	0.031643	0.0301183	0.0313104	0.0330304	0.0309685	0.0303291	0.0306426	0.0293063	0.0293431	0.0274195	0.0310026	0.0306133	0.0311943	0.0308948	0.0308082	0.0319933	0.0302885	0.0304923	0.0307547	0.0304084	0.0321927	0.0293196	0.0305408	0.030475	0.0303698	0.030039	0.0307503	0.0309784	0.0312847	0.030931	0.0313485	0.0311177	0.0304578	0.0301915	0.0309674	0.0304589	0.0350817	0.0356131	0.0358829	0.0299694	0.0292513	0.0304804	0.0302234	0.0305041	0.0287495	0.0280591	0.0283604	0.0287912	0.0279047	0.02759	0.0274821	0.028595	0.0285871	0.0282942	0.0276126	0.0265817	0.0268152	0.0275928	0.0267383	0.0269334	0.0269461	0.0295908	0.0287803	0.0288971	0.0344693	0.0287395	0.0304094	0.032347
unclassified-seq_SRR1686971	0.0293799	0.0503259	0.044915	0.0531587	0.0242706	0.0262792	0.024576	0.024883	0.0251094	0.0244481	0.0	0.0246395	0.0250245	0.0277477	0.0245558	0.0254161	0.0296384	0.023308	0.0249069	0.0242434	0.0294867	0.0290709	0.0291883	0.0256409	0.0260884	0.0239689	0.0261375	0.0263092	0.0262043	0.0262589	0.0255205	0.0293094	0.0297204	0.0300158	0.0298205	0.0258008	0.0264397	0.0262078	0.0268815	0.025895	0.0299442	0.0265396	0.0287058	0.0269443	0.026704	0.0262122	0.02652	0.0265316	0.0260473	0.0266878	0.0265701	0.0270403	0.0270046	0.0268706	0.0258509	0.0249226	0.025756	0.0262245	0.0293268	0.0252114	0.0297475	0.033789	0.0290437	0.024655	0.0296374	0.0282553	0.0295629	0.0289783	0.0292737	0.0343408	0.0296716	0.0280331	0.0330413	0.0285034	0.02842	0.0365613	0.0305798	0.0287117	0.0290972	0.029982	0.0278199	0.0341456	0.0282349	0.0289081	0.0290346	0.0251353	0.0253215	0.0250361	0.0287723	0.0298122	0.024261	0.0304277	0.0291731	0.0299842	0.0291934	0.0296737	0.029079	0.0298247	0.0296758	0.0292167	0.034692	0.0301809	0.0355226	0.0291447	0.0301968	0.0307176	0.0294281	0.029169	0.0307165	0.0294414	0.0301554	0.0327696	0.0363549	0.0335799	0.0293697	0.0305052	0.0316418	0.0328162	0.0335799	0.0305268	0.0298802	0.0307165	0.0306676	0.0306698	0.0299947	0.0299968	0.0308038	0.0292849	0.0298017	0.033221	0.0298404	0.0297256	0.0295423	0.0280514	0.0285752	0.0258812	0.0302192	0.0294568	0.0302255	0.0297298	0.0297475	0.0317717	0.0296903	0.0293523	0.0300622	0.0295062	0.0312077	0.0285595	0.0296312	0.0296882	0.0301119	0.0291144	0.0298184	0.0298823	0.0299673	0.0297996	0.030233	0.0304137	0.0299326	0.0294599	0.0306763	0.0293308	0.0342449	0.0344641	0.0345881	0.0289914	0.0280494	0.0293002	0.029339	0.0297809	0.0272605	0.0267175	0.0272911	0.0278418	0.0269306	0.0268769	0.0264611	0.0271073	0.0279019	0.0273217	0.0263048	0.0255887	0.0254959	0.0266446	0.0258526	0.0256187	0.0258517	0.028424	0.0276277	0.027838	0.0335811	0.027426	0.0293912	0.031278
unclassified-seq_SRR1687447	0.0307198	0.0523205	0.047228	0.0557835	0.0261796	0.027725	0.0253282	0.0252391	0.0263713	0.0247154	0.0246395	0.0	0.0264905	0.0263562	0.0256795	0.027122	0.0314654	0.0248303	0.0261427	0.0257241	0.0316078	0.0316748	0.0315727	0.0268597	0.0280129	0.0248245	0.0275214	0.0282495	0.0280005	0.0271958	0.027022	0.0314552	0.0321939	0.0322627	0.0322125	0.0276249	0.0271469	0.028062	0.0283195	0.0272041	0.0296053	0.0273199	0.0279172	0.0278828	0.0270312	0.0271073	0.0277013	0.0275759	0.0275684	0.0275552	0.0274101	0.0286939	0.0278981	0.0281111	0.0268061	0.0264557	0.0267067	0.0269735	0.0289061	0.0271718	0.0301851	0.0357721	0.0302949	0.0263243	0.0309047	0.0297163	0.0307481	0.0308454	0.0302064	0.036632	0.0301416	0.029337	0.0354337	0.0294209	0.0298927	0.0385937	0.0300622	0.0295505	0.0303515	0.0312188	0.0289372	0.0364501	0.0296706	0.0290911	0.0290185	0.0272198	0.0272688	0.0265844	0.0289331	0.0291843	0.0262166	0.0319656	0.0302874	0.0303837	0.0305971	0.030149	0.0305527	0.03124	0.0314192	0.0305625	0.0366277	0.0316101	0.0375821	0.030909	0.0314552	0.031408	0.030622	0.0301268	0.0322125	0.0307656	0.0306861	0.035087	0.038497	0.0356878	0.0306144	0.0318232	0.0319449	0.0350011	0.0354647	0.031798	0.0311055	0.0315568	0.031541	0.0314902	0.0311999	0.0312344	0.0316498	0.0306752	0.0311055	0.032999	0.031131	0.0309069	0.0310413	0.0296353	0.029759	0.028062	0.0313317	0.0310302	0.031709	0.0310634	0.0311421	0.0322767	0.0306329	0.0306709	0.0309574	0.0306709	0.0325377	0.0294312	0.0311966	0.03071	0.0307394	0.0303098	0.0309541	0.0312311	0.0316782	0.0308323	0.0318232	0.0309795	0.0305733	0.0302532	0.0312757	0.0307362	0.0361197	0.0364614	0.0369181	0.0302202	0.0298237	0.0311999	0.0306676	0.0310115	0.0289924	0.0283682	0.0292819	0.0292208	0.0285575	0.0280783	0.027689	0.0289994	0.028593	0.0285014	0.0282582	0.0271248	0.0273254	0.0279057	0.0271009	0.0275665	0.0270064	0.0301915	0.0291346	0.0296415	0.0353038	0.0295155	0.0308542	0.0323845
unclassified-seq_SRR1687453	0.0313754	0.0533952	0.0473395	0.0541234	0.0257078	0.0268061	0.0258613	0.0263146	0.0264807	0.0263358	0.0250245	0.0264905	0.0	0.0295516	0.0260368	0.0241231	0.0289321	0.0253434	0.0244837	0.0258717	0.0299884	0.0299389	0.031353	0.0269188	0.0257835	0.0253857	0.027044	0.0276267	0.0281246	0.0278942	0.0265746	0.03046	0.0304438	0.0322475	0.0304288	0.0267383	0.0280321	0.0266905	0.0262615	0.0267031	0.0303601	0.025793	0.0298059	0.0275599	0.0277582	0.0257104	0.0270101	0.028142	0.0274018	0.0276418	0.0275477	0.0265092	0.0273013	0.0260386	0.0274307	0.0261823	0.0265477	0.0274391	0.031259	0.0263828	0.0311966	0.0343549	0.0298383	0.0262615	0.0307514	0.0297444	0.0318243	0.0309585	0.0309255	0.035237	0.0316725	0.0301374	0.035809	0.0301437	0.0303805	0.0388519	0.0338704	0.0309442	0.0304869	0.031618	0.0299873	0.0374132	0.0297538	0.0304234	0.0303869	0.0263296	0.026641	0.0267184	0.0298645	0.0315161	0.0255214	0.0318771	0.0307853	0.032109	0.0308487	0.0313855	0.0308202	0.0314586	0.0314586	0.0305398	0.0344217	0.0320801	0.0353506	0.0311676	0.0317786	0.0325993	0.0309541	0.0308202	0.0323951	0.0314631	0.0320014	0.0347911	0.0394852	0.0335316	0.0308882	0.0320014	0.033497	0.0338779	0.0340367	0.0321613	0.0313294	0.0321508	0.0330715	0.0334859	0.0314981	0.0318186	0.0320696	0.0312903	0.0310203	0.0351785	0.0314451	0.0315274	0.0315523	0.0301713	0.0306188	0.0273226	0.0316021	0.0314091	0.0317261	0.0320546	0.0318633	0.0333727	0.031353	0.0313496	0.0315523	0.0305722	0.0331857	0.0297892	0.0339446	0.0321753	0.0324163	0.0301172	0.0323106	0.0320222	0.0314462	0.0315602	0.0323106	0.0315172	0.0319069	0.0314327	0.0326432	0.0313653	0.0369067	0.0367554	0.0381972	0.0298875	0.0299515	0.0314271	0.0312233	0.0320234	0.0279784	0.0276315	0.0287684	0.0288241	0.0285358	0.0278828	0.0274288	0.0288082	0.0291985	0.0289171	0.0280446	0.0277354	0.0276749	0.0279842	0.027574	0.0267536	0.0272698	0.0294517	0.0287008	0.0297007	0.0361447	0.0294497	0.0311721	0.0332601
unclassified-seq_SRR1687462	0.0333457	0.0559288	0.0505655	0.0597042	0.0298456	0.0307896	0.0283068	0.0275271	0.0295011	0.0272605	0.0277477	0.0263562	0.0295516	0.0	0.0287823	0.0306502	0.0348146	0.0279947	0.0291387	0.0290326	0.0354512	0.0353626	0.0354002	0.0301649	0.0312769	0.0276513	0.0305128	0.0317866	0.0315602	0.0300137	0.030543	0.0357326	0.0360755	0.0363842	0.0360741	0.03107	0.0299652	0.0314304	0.0312512	0.0304202	0.0307842	0.0295093	0.0290932	0.0306915	0.029073	0.0297652	0.0305992	0.0303698	0.0309058	0.0298184	0.0298184	0.0319369	0.0308816	0.0309321	0.029682	0.0299043	0.0295547	0.0296384	0.0300105	0.0311077	0.0322405	0.0389735	0.0334108	0.030328	0.0338203	0.0323974	0.0332405	0.0336705	0.0328438	0.0396599	0.0325981	0.0322347	0.038897	0.0322908	0.0329712	0.0419008	0.030722	0.0321079	0.033165	0.0339471	0.0312534	0.0395876	0.0322195	0.0308827	0.0306057	0.0314575	0.0315116	0.0304578	0.0306915	0.0305095	0.0300717	0.0344667	0.0329182	0.0322569	0.0332931	0.0322884	0.0331991	0.0338579	0.0341076	0.0336022	0.0394549	0.0343818	0.04008	0.0339194	0.0340771	0.0336034	0.0332222	0.0325283	0.034795	0.033232	0.0333188	0.0384175	0.0417935	0.0386892	0.0330764	0.034666	0.0335057	0.0384022	0.0385292	0.034378	0.0337415	0.0334946	0.033883	0.033898	0.0337765	0.033523	0.0340645	0.0333678	0.0339509	0.0346205	0.033995	0.0333518	0.0336295	0.0330497	0.0332466	0.0322393	0.033444	0.033829	0.0344435	0.0337965	0.0337141	0.0339534	0.0331358	0.0331577	0.0335836	0.033663	0.0354552	0.0316634	0.0352131	0.0332759	0.032964	0.0328654	0.0334231	0.0338993	0.034761	0.0332161	0.0348604	0.0334958	0.0328246	0.0324469	0.0334059	0.0334428	0.0392548	0.0391476	0.0396985	0.0332405	0.0339773	0.0354149	0.0331638	0.0344603	0.0322195	0.0315727	0.0320615	0.0325756	0.0314563	0.0313934	0.0307296	0.0330958	0.031853	0.0319703	0.0324327	0.0310778	0.0313518	0.0310767	0.030249	0.0315579	0.0310104	0.0343472	0.0328498	0.0337615	0.0396808	0.0336357	0.0349129	0.0347076
unclassified-seq_SRR1687511	0.0308279	0.052004	0.0462689	0.0545267	0.0255572	0.0272152	0.0257379	0.0260203	0.0262633	0.0255052	0.0245558	0.0256795	0.0260368	0.0287823	0.0	0.0258345	0.0302671	0.0243274	0.0255052	0.0249698	0.0307471	0.0305635	0.0306459	0.0268161	0.0272948	0.0251169	0.0269544	0.027292	0.0271745	0.0270147	0.0264344	0.030685	0.0310104	0.0314125	0.0311932	0.0269006	0.0274643	0.0272957	0.0276447	0.0269955	0.0307634	0.0270138	0.029382	0.0279286	0.0277335	0.0270954	0.0275374	0.0275477	0.0271856	0.0276862	0.0275149	0.0279143	0.0278876	0.0277174	0.0268887	0.0261867	0.0264637	0.0273282	0.0302564	0.0263881	0.0307122	0.0350209	0.0301788	0.0258345	0.0309014	0.0296177	0.0307198	0.0305095	0.0306079	0.0355118	0.0307285	0.0293268	0.034414	0.0295062	0.0295413	0.0380013	0.0313934	0.0297267	0.0303066	0.0310568	0.0290205	0.0355969	0.0294497	0.0298529	0.0298571	0.0262889	0.026445	0.0260578	0.0297059	0.0306426	0.0255614	0.0317454	0.0303269	0.0312021	0.0305635	0.0307809	0.0304783	0.0313014	0.0314136	0.0305452	0.0354673	0.0314563	0.0363968	0.0306774	0.0313911	0.0319184	0.0308257	0.0304234	0.0321671	0.0308082	0.0314981	0.0342871	0.0378235	0.0347545	0.0308049	0.0318094	0.0327099	0.0338917	0.0347102	0.0317386	0.0311266	0.0319795	0.0317454	0.0319829	0.0311033	0.0313855	0.031915	0.0304923	0.0313384	0.0342271	0.0312992	0.030794	0.0310844	0.0293687	0.0298017	0.0272142	0.0314665	0.0309442	0.0315229	0.03123	0.0311921	0.0329038	0.030829	0.0307711	0.0311432	0.0307427	0.0327027	0.0295196	0.0311421	0.0311699	0.0311754	0.030313	0.0310656	0.0314259	0.0313082	0.0312311	0.0319369	0.0314654	0.0314181	0.0305906	0.0317181	0.0307078	0.0357	0.0357299	0.0363744	0.0301618	0.0294178	0.0307612	0.0306198	0.0310523	0.0286325	0.0277952	0.0284298	0.0287594	0.0283156	0.0279957	0.0276324	0.0284005	0.0287276	0.0284769	0.0274596	0.0269252	0.0267907	0.0277136	0.0271331	0.0267582	0.0268261	0.0294702	0.0287534	0.0292107	0.0348853	0.0288281	0.0305603	0.032809
unclassified-seq_SRR1687546	0.0319737	0.0540667	0.0485737	0.0538466	0.0260447	0.0272105	0.0261735	0.026807	0.0267446	0.0267753	0.0254161	0.027122	0.0241231	0.0306502	0.0258345	0.0	0.0226538	0.0250994	0.0238252	0.0257542	0.0301109	0.0301788	0.0320998	0.0272022	0.0257878	0.0257456	0.0267283	0.0272503	0.0279717	0.0278228	0.0266752	0.0308849	0.0309123	0.0328738	0.0308926	0.0273031	0.0286741	0.0269525	0.026177	0.0273654	0.030852	0.0259376	0.0306654	0.0279583	0.0282582	0.0259237	0.0278313	0.0287495	0.0279842	0.0285339	0.0282942	0.026579	0.0274802	0.0260797	0.0279679	0.0265092	0.0271699	0.027989	0.032381	0.0268769	0.0322265	0.0347689	0.0301915	0.0270403	0.0314248	0.0300918	0.0326611	0.0315139	0.0316464	0.0353144	0.0327552	0.0302341	0.0360093	0.0299347	0.0301469	0.039135	0.0347793	0.03092	0.0307111	0.0320534	0.0299905	0.038078	0.030001	0.0310855	0.0314811	0.0268043	0.0272272	0.0273069	0.0307242	0.0325247	0.026002	0.0324363	0.0313552	0.0328294	0.0313485	0.0324575	0.0314338	0.0318461	0.0320407	0.0310977	0.0346738	0.0325176	0.0355226	0.0317637	0.0324728	0.0334625	0.0316475	0.0313978	0.0326896	0.032043	0.0327755	0.0352237	0.0403151	0.0336979	0.0316532	0.0325117	0.0343075	0.0342768	0.0339609	0.0325851	0.0320291	0.032839	0.0338153	0.034405	0.0321799	0.032401	0.0326658	0.0321125	0.031643	0.036366	0.0317249	0.0323212	0.0320245	0.0310734	0.0315218	0.027965	0.0321044	0.0319138	0.0324469	0.0326682	0.0327087	0.0340076	0.0321822	0.0317204	0.0316452	0.0312702	0.0337877	0.0301289	0.0351851	0.0330026	0.0334219	0.0304643	0.032999	0.0326682	0.031709	0.0324527	0.0331443	0.032223	0.0325981	0.0321543	0.0336432	0.0317694	0.0381639	0.0376367	0.0389579	0.0301915	0.0309145	0.0320673	0.0319035	0.0328186	0.0283409	0.0279928	0.0291914	0.029289	0.0290528	0.0284955	0.0278294	0.0291235	0.0300126	0.0296664	0.0285526	0.028526	0.0283136	0.0289341	0.0283078	0.0275543	0.02817	0.0297569	0.0293308	0.0304041	0.0369196	0.0299673	0.0318932	0.033814
unclassified-seq_SRR1687620	0.0363451	0.0575394	0.0520539	0.0584235	0.0301904	0.0315568	0.0304374	0.0312122	0.031121	0.0310579	0.0296384	0.0314654	0.0289321	0.0348146	0.0302671	0.0226538	0.0	0.0292961	0.0289452	0.0300231	0.0344744	0.0345726	0.0360727	0.0315263	0.0303901	0.029981	0.0311132	0.0316725	0.0319726	0.0317717	0.0309905	0.0350592	0.0349642	0.0366263	0.0351905	0.0314789	0.032851	0.0312947	0.0310402	0.0315749	0.0354203	0.0306513	0.0350751	0.0324622	0.0327457	0.0305462	0.0321741	0.0327266	0.0319449	0.0328894	0.0325224	0.0313956	0.0318725	0.0310346	0.0321927	0.0310369	0.0315093	0.0322697	0.0366773	0.0304245	0.0364684	0.0392264	0.0349747	0.0305787	0.0359364	0.0345804	0.0367995	0.0360203	0.0359089	0.0399739	0.0367995	0.0346855	0.0403069	0.0346647	0.034653	0.0430896	0.0387402	0.0353975	0.0353626	0.0366716	0.0345248	0.0419503	0.0344912	0.0357326	0.0359075	0.0306502	0.0309266	0.0308904	0.0351625	0.0369554	0.0298383	0.0369138	0.0357163	0.0372093	0.0357326	0.0367469	0.0358432	0.0366334	0.0364656	0.03547	0.0393023	0.0369511	0.0404078	0.0362906	0.0368109	0.0377789	0.0361267	0.0360272	0.0373183	0.0364235	0.0371615	0.0397888	0.0441714	0.0385599	0.0361433	0.0370014	0.0384389	0.0385983	0.0390973	0.0372021	0.0361766	0.0371832	0.0378966	0.038387	0.0366617	0.0368224	0.0371037	0.0364305	0.0362127	0.0403184	0.0364235	0.0367881	0.036292	0.034337	0.0350367	0.0316123	0.0369224	0.0363102	0.0369583	0.037033	0.0367924	0.0384358	0.0364081	0.0361405	0.0361655	0.0355469	0.038096	0.0349971	0.0380765	0.0370719	0.0374645	0.035423	0.0373709	0.0370604	0.0364459	0.0367355	0.0373417	0.0367469	0.0369454	0.0364179	0.0379968	0.0363982	0.0421579	0.0416395	0.0428611	0.0349313	0.0340911	0.0353251	0.0361156	0.0360782	0.0327182	0.032494	0.0335861	0.0336618	0.0332515	0.0327445	0.0320789	0.0328738	0.0336755	0.0333298	0.0321264	0.0320638	0.0318725	0.0326658	0.0320372	0.0310767	0.031515	0.0333396	0.0330413	0.033769	0.039818	0.0333678	0.0349458	0.0383763
