sample	SRR17643000.msh	SRR17643001.msh	SRR17643002.msh	SRR17643004.msh	SRR17643005.msh	SRR17643006.msh	SRR17643007.msh	SRR17643008.msh	SRR17643009.msh	
SRR17643000.msh	0	0.0363982	0.0359803	0.0363381	0.0365219	0.0359501	0.0364614	0.0362976	0.0365557	
SRR17643001.msh	0.0363982	0	0.0355199	0.0357217	0.0362934	0.035555	0.0360575	0.0353144	0.0366504	
SRR17643002.msh	0.0359803	0.0355199	0	0.035809	0.0364221	0.0355604	0.0360079	0.0357367	0.036012	
SRR17643004.msh	0.0363381	0.0357217	0.035809	0	0.0364459	0.035555	0.0360976	0.0354351	0.0364572	
SRR17643005.msh	0.0365219	0.0362934	0.0364221	0.0364459	0	0.0364586	0.0364473	0.0363353	0.0368824	
SRR17643006.msh	0.0359501	0.035555	0.0355604	0.035555	0.0364586	0	0.0359021	0.0354445	0.0361142	
SRR17643007.msh	0.0364614	0.0360575	0.0360079	0.0360976	0.0364473	0.0359021	0	0.0359185	0.0366079	
SRR17643008.msh	0.0362976	0.0353144	0.0357367	0.0354351	0.0363353	0.0354445	0.0359185	0	0.0362739	
SRR17643009.msh	0.0365557	0.0366504	0.036012	0.0364572	0.0368824	0.0361142	0.0366079	0.0362739	0	
