sample	SRR1607326.msh	SRR1607327.msh	SRR1607330.msh	SRR1607332.msh	SRR1607334.msh	SRR1607336.msh	SRR1607337.msh	SRR1607342.msh	SRR1607343.msh	
SRR1607326.msh	0	0.0442954	0.0454707	0.0449648	0.0441135	0.0439712	0.0444494	0.0443402	0.0435434	
SRR1607327.msh	0.0442954	0	0.044687	0.0451109	0.0441772	0.0439769	0.0445003	0.0444768	0.0434006	
SRR1607330.msh	0.0454707	0.044687	0	0.0460035	0.0447819	0.0448116	0.0447127	0.0449269	0.0435039	
SRR1607332.msh	0.0449648	0.0451109	0.0460035	0	0.044618	0.0444357	0.0447879	0.0445669	0.0443265	
SRR1607334.msh	0.0441135	0.0441772	0.0447819	0.044618	0	0.0437345	0.0439329	0.0442721	0.0434212	
SRR1607336.msh	0.0439712	0.0439769	0.0448116	0.0444357	0.0437345	0	0.0440211	0.0439693	0.04347	
SRR1607337.msh	0.0444494	0.0445003	0.0447127	0.0447879	0.0439329	0.0440211	0	0.0444377	0.0432492	
SRR1607342.msh	0.0443402	0.0444768	0.0449269	0.0445669	0.0442721	0.0439693	0.0444377	0	0.0434381	
SRR1607343.msh	0.0435434	0.0434006	0.0435039	0.0443265	0.0434212	0.04347	0.0432492	0.0434381	0	
