sample	SRR27281402.msh	SRR27281403.msh	SRR27281404.msh	SRR27281405.msh	SRR27281509.msh	SRR27281511.msh	SRR27281512.msh	SRR27281513.msh	SRR27281514.msh	
SRR27281402.msh	0	0.0409089	0.041848	0.0425821	0.0416674	0.0409904	0.0400309	0.0410738	0.0411352	
SRR27281403.msh	0.0409089	0	0.0416412	0.0428666	0.041166	0.0408768	0.0394661	0.0417006	0.0406814	
SRR27281404.msh	0.041848	0.0416412	0	0.0425876	0.0417759	0.0413412	0.0412397	0.0417812	0.0415437	
SRR27281405.msh	0.0425821	0.0428666	0.0425876	0	0.0426057	0.0425858	0.0425622	0.0427367	0.042724	
SRR27281509.msh	0.0416674	0.041166	0.0417759	0.0426057	0	0.0416989	0.0407335	0.0419344	0.0415315	
SRR27281511.msh	0.0409904	0.0408768	0.0413412	0.0425858	0.0416989	0	0.0403747	0.0415246	0.0410057	
SRR27281512.msh	0.0400309	0.0394661	0.0412397	0.0425622	0.0407335	0.0403747	0	0.0405843	0.0403515	
SRR27281513.msh	0.0410738	0.0417006	0.0417812	0.0427367	0.0419344	0.0415246	0.0405843	0	0.0415506	
SRR27281514.msh	0.0411352	0.0406814	0.0415437	0.042724	0.0415315	0.0410057	0.0403515	0.0415506	0	
