sample	SRR1607513.msh	SRR1607514.msh	SRR1607517.msh	SRR1607518.msh	SRR1607520.msh	SRR1607522.msh	SRR1607528.msh	SRR1607531.msh	
SRR1607513.msh	0	0.0431916	0.0425079	0.0441135	0.04335	0.0427568	0.0423117	0.0429843	
SRR1607514.msh	0.0431916	0	0.0435547	0.0441386	0.0424429	0.0425495	0.0430896	0.043365	
SRR1607517.msh	0.0425079	0.0435547	0	0.0437954	0.0433762	0.0427915	0.0428245	0.0434757	
SRR1607518.msh	0.0441135	0.0441386	0.0437954	0	0.0438125	0.0435944	0.0433669	0.0437345	
SRR1607520.msh	0.04335	0.0424429	0.0433762	0.0438125	0	0.0421294	0.0430803	0.0436454	
SRR1607522.msh	0.0427568	0.0425495	0.0427915	0.0435944	0.0421294	0	0.0424231	0.042964	
SRR1607528.msh	0.0423117	0.0430896	0.0428245	0.0433669	0.0430803	0.0424231	0	0.0426003	
SRR1607531.msh	0.0429843	0.043365	0.0434757	0.0437345	0.0436454	0.042964	0.0426003	0	
