sample	SRR1607365.msh	SRR1607369.msh	SRR1607372.msh	SRR1607373.msh	SRR1607375.msh	SRR1607377.msh	SRR1607380.msh	SRR1607382.msh	SRR1607384.msh	
SRR1607365.msh	0	0.0129339	0.0126199	0.0114999	0.0120191	0.0118387	0.0126509	0.0123839	0.0125915	
SRR1607369.msh	0.0129339	0	0.0125241	0.0118299	0.0120207	0.0123357	0.0130456	0.0126162	0.0129097	
SRR1607372.msh	0.0126199	0.0125241	0	0.0116018	0.0117716	0.0117633	0.0125237	0.0123374	0.0125869	
SRR1607373.msh	0.0114999	0.0118299	0.0116018	0	0.0109974	0.0108035	0.0114505	0.0112865	0.0114118	
SRR1607375.msh	0.0120191	0.0120207	0.0117716	0.0109974	0	0.0113596	0.0117427	0.0118116	0.0119837	
SRR1607377.msh	0.0118387	0.0123357	0.0117633	0.0108035	0.0113596	0	0.011789	0.0115541	0.01163	
SRR1607380.msh	0.0126509	0.0130456	0.0125237	0.0114505	0.0117427	0.011789	0	0.0122902	0.0124673	
SRR1607382.msh	0.0123839	0.0126162	0.0123374	0.0112865	0.0118116	0.0115541	0.0122902	0	0.012229	
SRR1607384.msh	0.0125915	0.0129097	0.0125869	0.0114118	0.0119837	0.01163	0.0124673	0.012229	0	
