sample	SRR1607326.msh	SRR1607327.msh	SRR1607330.msh	SRR1607332.msh	SRR1607334.msh	SRR1607336.msh	SRR1607337.msh	SRR1607342.msh	SRR1607343.msh	
SRR1607326.msh	0	0.0147796	0.0144785	0.0149652	0.0134418	0.013741	0.0141865	0.0141924	0.0120606	
SRR1607327.msh	0.0147796	0	0.0113924	0.0117855	0.0107133	0.0108348	0.0110964	0.0111793	0.00997036	
SRR1607330.msh	0.0144785	0.0113924	0	0.0116847	0.0105204	0.0106576	0.010956	0.0110828	0.00925522	
SRR1607332.msh	0.0149652	0.0117855	0.0116847	0	0.0109474	0.0110518	0.0113249	0.011447	0.0101742	
SRR1607334.msh	0.0134418	0.0107133	0.0105204	0.0109474	0	0.00987771	0.0102056	0.0102903	0.0088565	
SRR1607336.msh	0.013741	0.0108348	0.0106576	0.0110518	0.00987771	0	0.0103104	0.0104159	0.00903879	
SRR1607337.msh	0.0141865	0.0110964	0.010956	0.0113249	0.0102056	0.0103104	0	0.0107326	0.00942901	
SRR1607342.msh	0.0141924	0.0111793	0.0110828	0.011447	0.0102903	0.0104159	0.0107326	0	0.00941204	
SRR1607343.msh	0.0120606	0.00997036	0.00925522	0.0101742	0.0088565	0.00903879	0.00942901	0.00941204	0	
