sample	SRR1607346.msh	SRR1607348.msh	SRR1607350.msh	SRR1607351.msh	SRR1607356.msh	SRR1607357.msh	SRR1607359.msh	SRR1607361.msh	SRR1607363.msh	
SRR1607346.msh	0	0.0106528	0.00959491	0.00800148	0.00975297	0.0098819	0.0104326	0.00997705	0.0102081	
SRR1607348.msh	0.0106528	0	0.0108635	0.00949466	0.0110718	0.0111736	0.0116088	0.0112968	0.0116112	
SRR1607350.msh	0.00959491	0.0108635	0	0.00835767	0.0099908	0.0101563	0.0105932	0.0102228	0.0105186	
SRR1607351.msh	0.00800148	0.00949466	0.00835767	0	0.00844432	0.00850217	0.00930091	0.0087165	0.00869712	
SRR1607356.msh	0.00975297	0.0110718	0.0099908	0.00844432	0	0.0102874	0.0108161	0.0104007	0.0106436	
SRR1607357.msh	0.0098819	0.0111736	0.0101563	0.00850217	0.0102874	0	0.0109534	0.0105548	0.0108087	
SRR1607359.msh	0.0104326	0.0116088	0.0105932	0.00930091	0.0108161	0.0109534	0	0.0110438	0.0114261	
SRR1607361.msh	0.00997705	0.0112968	0.0102228	0.0087165	0.0104007	0.0105548	0.0110438	0	0.0109117	
SRR1607363.msh	0.0102081	0.0116112	0.0105186	0.00869712	0.0106436	0.0108087	0.0114261	0.0109117	0	
