sample	SRR23814147.msh	SRR23814148.msh	SRR23814152.msh	SRR23814180.msh	SRR23814181.msh	SRR23814184.msh	SRR23814185.msh	SRR23814186.msh	SRR23814187.msh	
SRR23814147.msh	0	0.0102543	0.0186162	0.0102067	0.0101817	0.0104159	0.010263	0.0102824	0.0103147	
SRR23814148.msh	0.0102543	0	0.014435	0.00553516	0.00550491	0.00564752	0.00547626	0.00551592	0.00552079	
SRR23814152.msh	0.0186162	0.014435	0	0.0146854	0.0146613	0.0146324	0.0144631	0.0145348	0.0145226	
SRR23814180.msh	0.0102067	0.00553516	0.0146854	0	0.00158152	0.00570121	0.00556393	0.00556933	0.00562425	
SRR23814181.msh	0.0101817	0.00550491	0.0146613	0.00158152	0	0.00566384	0.00551413	0.00552028	0.00558555	
SRR23814184.msh	0.0104159	0.00564752	0.0146324	0.00570121	0.00566384	0	0.00574781	0.00578594	0.00565918	
SRR23814185.msh	0.010263	0.00547626	0.0144631	0.00556393	0.00551413	0.00574781	0	0.00168296	0.005438	
SRR23814186.msh	0.0102824	0.00551592	0.0145348	0.00556933	0.00552028	0.00578594	0.00168296	0	0.00549211	
SRR23814187.msh	0.0103147	0.00552079	0.0145226	0.00562425	0.00558555	0.00565918	0.005438	0.00549211	0	
