sample	SRR1607365.msh	SRR1607369.msh	SRR1607372.msh	SRR1607373.msh	SRR1607375.msh	SRR1607377.msh	SRR1607380.msh	SRR1607382.msh	SRR1607384.msh	
SRR1607365.msh	0	0.030148	0.0299978	0.028677	0.0295289	0.0293564	0.0299284	0.0295578	0.0300622	
SRR1607369.msh	0.030148	0	0.0301841	0.0293615	0.029565	0.0301649	0.0306036	0.0300728	0.0305398	
SRR1607372.msh	0.0299978	0.0301841	0	0.0293533	0.0296976	0.029625	0.0306133	0.0304481	0.0306079	
SRR1607373.msh	0.028677	0.0293615	0.0293533	0	0.0286364	0.0283624	0.0290508	0.0289121	0.0288861	
SRR1607375.msh	0.0295289	0.029565	0.0296976	0.0286364	0	0.0292635	0.0296955	0.029532	0.0297756	
SRR1607377.msh	0.0293564	0.0301649	0.029625	0.0283624	0.0292635	0	0.0298676	0.029384	0.0296924	
SRR1607380.msh	0.0299284	0.0306036	0.0306133	0.0290508	0.0296955	0.0298676	0	0.030021	0.0302906	
SRR1607382.msh	0.0295578	0.0300728	0.0304481	0.0289121	0.029532	0.029384	0.030021	0	0.029877	
SRR1607384.msh	0.0300622	0.0305398	0.0306079	0.0288861	0.0297756	0.0296924	0.0302906	0.029877	0	
