sample	SRR17642992.msh	SRR17642993.msh	SRR17642994.msh	SRR17642995.msh	SRR17642996.msh	SRR17642998.msh	SRR17642999.msh	SRR17643011.msh	
SRR17642992.msh	0	0.0226922	0.0229928	0.0227254	0.0228426	0.0232054	0.0227055	0.0266365	
SRR17642993.msh	0.0226922	0	0.0228918	0.022603	0.0226885	0.0230356	0.0226258	0.0263455	
SRR17642994.msh	0.0229928	0.0228918	0	0.0228814	0.0228695	0.0233614	0.0228047	0.0265441	
SRR17642995.msh	0.0227254	0.022603	0.0228814	0	0.0226442	0.0231078	0.0227033	0.0262995	
SRR17642996.msh	0.0228426	0.0226885	0.0228695	0.0226442	0	0.0232046	0.0227817	0.026397	
SRR17642998.msh	0.0232054	0.0230356	0.0233614	0.0231078	0.0232046	0	0.0231804	0.0267265	
SRR17642999.msh	0.0227055	0.0226258	0.0228047	0.0227033	0.0227817	0.0231804	0	0.0262624	
SRR17643011.msh	0.0266365	0.0263455	0.0265441	0.0262995	0.026397	0.0267265	0.0262624	0	
