sample	SRR1607326.msh	SRR1607327.msh	SRR1607330.msh	SRR1607332.msh	SRR1607334.msh	SRR1607336.msh	SRR1607337.msh	SRR1607342.msh	SRR1607343.msh	
SRR1607326.msh	0	0.0281671	0.0289482	0.0287028	0.0280024	0.0280831	0.0280995	0.028169	0.0273878	
SRR1607327.msh	0.0281671	0	0.0288082	0.0287068	0.0277146	0.0279966	0.0283224	0.0278723	0.0274129	
SRR1607330.msh	0.0289482	0.0288082	0	0.0294867	0.0285772	0.0285339	0.0286236	0.0288681	0.0274737	
SRR1607332.msh	0.0287028	0.0287068	0.0294867	0	0.0282485	0.0284005	0.0285349	0.0285585	0.0279813	
SRR1607334.msh	0.0280024	0.0277146	0.0285772	0.0282485	0	0.0276004	0.0277259	0.0279286	0.0272004	
SRR1607336.msh	0.0280831	0.0279966	0.0285339	0.0284005	0.0276004	0	0.0278132	0.0277468	0.0271699	
SRR1607337.msh	0.0280995	0.0283224	0.0286236	0.0285349	0.0277259	0.0278132	0	0.0279976	0.0271699	
SRR1607342.msh	0.028169	0.0278723	0.0288681	0.0285585	0.0279286	0.0277468	0.0279976	0	0.0272883	
SRR1607343.msh	0.0273878	0.0274129	0.0274737	0.0279813	0.0272004	0.0271699	0.0271699	0.0272883	0	
