sample	SRR1607513.msh	SRR1607514.msh	SRR1607517.msh	SRR1607518.msh	SRR1607520.msh	SRR1607522.msh	SRR1607528.msh	SRR1607531.msh	
SRR1607513.msh	0	0.0269297	0.026571	0.0276088	0.0268851	0.0263331	0.0260176	0.0271248	
SRR1607514.msh	0.0269297	0	0.0271239	0.0275853	0.0263154	0.0262316	0.0266131	0.0274999	
SRR1607517.msh	0.026571	0.0271239	0	0.0275966	0.0271404	0.0266869	0.026397	0.0273906	
SRR1607518.msh	0.0276088	0.0275853	0.0275966	0	0.0274344	0.0272364	0.0269945	0.0278666	
SRR1607520.msh	0.0268851	0.0263154	0.0271404	0.0274344	0	0.0257534	0.0264041	0.0274307	
SRR1607522.msh	0.0263331	0.0262316	0.0266869	0.0272364	0.0257534	0	0.0258163	0.0269233	
SRR1607528.msh	0.0260176	0.0266131	0.026397	0.0269945	0.0264041	0.0258163	0	0.0264914	
SRR1607531.msh	0.0271248	0.0274999	0.0273906	0.0278666	0.0274307	0.0269233	0.0264914	0	
