sample	SRR17643000.msh	SRR17643001.msh	SRR17643002.msh	SRR17643004.msh	SRR17643005.msh	SRR17643006.msh	SRR17643007.msh	SRR17643008.msh	SRR17643009.msh	
SRR17643000.msh	0	0.0225583	0.0222339	0.0225759	0.0227691	0.0221634	0.0225443	0.0224537	0.0227114	
SRR17643001.msh	0.0225583	0	0.0217504	0.0219967	0.0225443	0.0219434	0.0224194	0.0218916	0.0227121	
SRR17643002.msh	0.0222339	0.0217504	0	0.0221663	0.0224435	0.0218682	0.0221232	0.021835	0.0223744	
SRR17643004.msh	0.0225759	0.0219967	0.0221663	0	0.022595	0.0217434	0.0224078	0.0217146	0.0226413	
SRR17643005.msh	0.0227691	0.0225443	0.0224435	0.022595	0	0.0224603	0.0227033	0.0227439	0.0230108	
SRR17643006.msh	0.0221634	0.0219434	0.0218682	0.0217434	0.0224603	0	0.0222664	0.021655	0.0224654	
SRR17643007.msh	0.0225443	0.0224194	0.0221232	0.0224078	0.0227033	0.0222664	0	0.0223221	0.0228657	
SRR17643008.msh	0.0224537	0.0218916	0.021835	0.0217146	0.0227439	0.021655	0.0223221	0	0.0226656	
SRR17643009.msh	0.0227114	0.0227121	0.0223744	0.0226413	0.0230108	0.0224654	0.0228657	0.0226656	0	
