sample	SRR27281402.msh	SRR27281403.msh	SRR27281404.msh	SRR27281405.msh	SRR27281509.msh	SRR27281511.msh	SRR27281512.msh	SRR27281513.msh	SRR27281514.msh	
SRR27281402.msh	0	0.026389	0.0271533	0.0281101	0.0268297	0.0262907	0.0256349	0.0267238	0.0265092	
SRR27281403.msh	0.026389	0	0.0266851	0.0280812	0.02652	0.0262192	0.0253975	0.0265665	0.0262069	
SRR27281404.msh	0.0271533	0.0266851	0	0.0277895	0.0269717	0.0268098	0.0263651	0.0271055	0.0267274	
SRR27281405.msh	0.0281101	0.0280812	0.0277895	0	0.0280312	0.02778	0.0275684	0.0280331	0.0279401	
SRR27281509.msh	0.0268297	0.02652	0.0269717	0.0280312	0	0.0265209	0.0261972	0.026695	0.0266905	
SRR27281511.msh	0.0262907	0.0262192	0.0268098	0.02778	0.0265209	0	0.0258803	0.0265289	0.0262757	
SRR27281512.msh	0.0256349	0.0253975	0.0263651	0.0275684	0.0261972	0.0258803	0	0.0261191	0.0258699	
SRR27281513.msh	0.0267238	0.0265665	0.0271055	0.0280331	0.026695	0.0265289	0.0261191	0	0.0267518	
SRR27281514.msh	0.0265092	0.0262069	0.0267274	0.0279401	0.0266905	0.0262757	0.0258699	0.0267518	0	
