sample	SRR27281402.msh	SRR27281403.msh	SRR27281404.msh	SRR27281405.msh	SRR27281509.msh	SRR27281511.msh	SRR27281512.msh	SRR27281513.msh	SRR27281514.msh	
SRR27281402.msh	0	0.0162621	0.0167395	0.0178642	0.0166605	0.0160768	0.0160131	0.0164957	0.016285	
SRR27281403.msh	0.0162621	0	0.016601	0.017943	0.0166611	0.0161811	0.0159685	0.016333	0.0162023	
SRR27281404.msh	0.0167395	0.016601	0	0.0176196	0.0168522	0.0164005	0.016635	0.0165909	0.016619	
SRR27281405.msh	0.0178642	0.017943	0.0176196	0	0.0179929	0.017694	0.017903	0.0177528	0.0178704	
SRR27281509.msh	0.0166605	0.0166611	0.0168522	0.0179929	0	0.0163607	0.0165522	0.0165925	0.0165936	
SRR27281511.msh	0.0160768	0.0161811	0.0164005	0.017694	0.0163607	0	0.0160649	0.0161661	0.0161098	
SRR27281512.msh	0.0160131	0.0159685	0.016635	0.017903	0.0165522	0.0160649	0	0.0164152	0.0161666	
SRR27281513.msh	0.0164957	0.016333	0.0165909	0.0177528	0.0165925	0.0161661	0.0164152	0	0.0165232	
SRR27281514.msh	0.016285	0.0162023	0.016619	0.0178704	0.0165936	0.0161098	0.0161666	0.0165232	0	
