sample	SRR1607365.msh	SRR1607369.msh	SRR1607372.msh	SRR1607373.msh	SRR1607375.msh	SRR1607377.msh	SRR1607380.msh	SRR1607382.msh	SRR1607384.msh	
SRR1607365.msh	0	0.0179539	0.0179883	0.0167641	0.0173086	0.0173158	0.0178494	0.0176376	0.0179694	
SRR1607369.msh	0.0179539	0	0.0179316	0.0171453	0.0173723	0.0177511	0.0182397	0.0180441	0.0183659	
SRR1607372.msh	0.0179883	0.0179316	0	0.0173601	0.0174467	0.017614	0.0182607	0.0180977	0.018434	
SRR1607373.msh	0.0167641	0.0171453	0.0173601	0	0.0165999	0.0163633	0.0170063	0.0168931	0.016984	
SRR1607375.msh	0.0173086	0.0173723	0.0174467	0.0165999	0	0.0171311	0.0173523	0.0174239	0.0176962	
SRR1607377.msh	0.0173158	0.0177511	0.017614	0.0163633	0.0171311	0	0.0176359	0.0174028	0.0174161	
SRR1607380.msh	0.0178494	0.0182397	0.0182607	0.0170063	0.0173523	0.0176359	0	0.0178568	0.0181671	
SRR1607382.msh	0.0176376	0.0180441	0.0180977	0.0168931	0.0174239	0.0174028	0.0178568	0	0.017867	
SRR1607384.msh	0.0179694	0.0183659	0.018434	0.016984	0.0176962	0.0174161	0.0181671	0.017867	0	
