sample	SRR17642992.msh	SRR17642993.msh	SRR17642994.msh	SRR17642995.msh	SRR17642996.msh	SRR17642998.msh	SRR17642999.msh	SRR17643011.msh	
SRR17642992.msh	0	0.0133738	0.0136254	0.0133931	0.0134934	0.0139379	0.0150537	0.0232471	
SRR17642993.msh	0.0133738	0	0.0135455	0.0132629	0.013404	0.0138967	0.0149927	0.0231547	
SRR17642994.msh	0.0136254	0.0135455	0	0.0135207	0.0135956	0.0141166	0.0151768	0.0232593	
SRR17642995.msh	0.0133931	0.0132629	0.0135207	0	0.013355	0.0138778	0.0149493	0.0229366	
SRR17642996.msh	0.0134934	0.013404	0.0135956	0.013355	0	0.0139906	0.0150125	0.0232372	
SRR17642998.msh	0.0139379	0.0138967	0.0141166	0.0138778	0.0139906	0	0.0156784	0.0236818	
SRR17642999.msh	0.0150537	0.0149927	0.0151768	0.0149493	0.0150125	0.0156784	0	0.023884	
SRR17643011.msh	0.0232471	0.0231547	0.0232593	0.0229366	0.0232372	0.0236818	0.023884	0	
