sample	SRR1607326.msh	SRR1607327.msh	SRR1607330.msh	SRR1607332.msh	SRR1607334.msh	SRR1607336.msh	SRR1607337.msh	SRR1607342.msh	SRR1607343.msh	
SRR1607326.msh	0	0.0160233	0.0165448	0.0164878	0.0157504	0.015802	0.0159195	0.015967	0.0151324	
SRR1607327.msh	0.0160233	0	0.0166936	0.016732	0.0158528	0.0158279	0.0161376	0.0159654	0.01532	
SRR1607330.msh	0.0165448	0.0166936	0	0.0172182	0.016453	0.0163236	0.0165152	0.016566	0.0152644	
SRR1607332.msh	0.0164878	0.016732	0.0172182	0	0.0163701	0.0163346	0.0166105	0.0165189	0.0157434	
SRR1607334.msh	0.0157504	0.0158528	0.016453	0.0163701	0	0.0154704	0.015799	0.0158188	0.0148858	
SRR1607336.msh	0.015802	0.0158279	0.0163236	0.0163346	0.0154704	0	0.0157333	0.0156618	0.0149026	
SRR1607337.msh	0.0159195	0.0161376	0.0165152	0.0166105	0.015799	0.0157333	0	0.015865	0.0151032	
SRR1607342.msh	0.015967	0.0159654	0.016566	0.0165189	0.0158188	0.0156618	0.015865	0	0.0149787	
SRR1607343.msh	0.0151324	0.01532	0.0152644	0.0157434	0.0148858	0.0149026	0.0151032	0.0149787	0	
