sample	SRR1607513.msh	SRR1607514.msh	SRR1607517.msh	SRR1607518.msh	SRR1607520.msh	SRR1607522.msh	SRR1607528.msh	SRR1607531.msh	
SRR1607513.msh	0	0.0145819	0.0145569	0.0150765	0.0143809	0.0139902	0.0137791	0.0149368	
SRR1607514.msh	0.0145819	0	0.0149884	0.0150721	0.0139643	0.0135468	0.0140066	0.01513	
SRR1607517.msh	0.0145569	0.0149884	0	0.015399	0.0147258	0.0143483	0.0142473	0.0152561	
SRR1607518.msh	0.0150765	0.0150721	0.015399	0	0.0149922	0.0145824	0.0145494	0.0154863	
SRR1607520.msh	0.0143809	0.0139643	0.0147258	0.0149922	0	0.0133405	0.0138011	0.0149561	
SRR1607522.msh	0.0139902	0.0135468	0.0143483	0.0145824	0.0133405	0	0.0133773	0.0144117	
SRR1607528.msh	0.0137791	0.0140066	0.0142473	0.0145494	0.0138011	0.0133773	0	0.0142566	
SRR1607531.msh	0.0149368	0.01513	0.0152561	0.0154863	0.0149561	0.0144117	0.0142566	0	
