sample	SRR1607296.msh	SRR1607299.msh	SRR1607302.msh	SRR1607306.msh	SRR1607310.msh	SRR1607316.msh	SRR1607318.msh	SRR1607320.msh	SRR1607323.msh	
SRR1607296.msh	0	0.0112911	0.00970759	0.0094933	0.00986686	0.00958873	0.0100014	0.0106997	0.00970482	
SRR1607299.msh	0.0112911	0	0.0105903	0.0100955	0.0106462	0.0104628	0.0108949	0.0113361	0.0105874	
SRR1607302.msh	0.00970759	0.0105903	0	0.00874692	0.00909442	0.0088454	0.00927872	0.0100434	0.00895179	
SRR1607306.msh	0.0094933	0.0100955	0.00874692	0	0.00890947	0.00861664	0.0090259	0.00952709	0.00875534	
SRR1607310.msh	0.00986686	0.0106462	0.00909442	0.00890947	0	0.00902491	0.00940967	0.00985603	0.0091283	
SRR1607316.msh	0.00958873	0.0104628	0.0088454	0.00861664	0.00902491	0	0.00921201	0.0092663	0.00888361	
SRR1607318.msh	0.0100014	0.0108949	0.00927872	0.0090259	0.00940967	0.00921201	0	0.0103295	0.00924483	
SRR1607320.msh	0.0106997	0.0113361	0.0100434	0.00952709	0.00985603	0.0092663	0.0103295	0	0.0100081	
SRR1607323.msh	0.00970482	0.0105874	0.00895179	0.00875534	0.0091283	0.00888361	0.00924483	0.0100081	0	
