sample	SRR17643000.msh	SRR17643001.msh	SRR17643002.msh	SRR17643004.msh	SRR17643005.msh	SRR17643006.msh	SRR17643007.msh	SRR17643008.msh	SRR17643009.msh	
SRR17643000.msh	0	0.0108027	0.010727	0.0110923	0.0114874	0.0104464	0.0111782	0.0108983	0.0114688	
SRR17643001.msh	0.0108027	0	0.0100473	0.0101624	0.0109903	0.00995031	0.0106712	0.0100544	0.0111006	
SRR17643002.msh	0.010727	0.0100473	0	0.0104435	0.0109204	0.0100194	0.0105591	0.0101753	0.011	
SRR17643004.msh	0.0110923	0.0101624	0.0104435	0	0.0112095	0.00980511	0.0108687	0.00991589	0.0113515	
SRR17643005.msh	0.0114874	0.0109903	0.0109204	0.0112095	0	0.0109812	0.0112811	0.0111359	0.0117914	
SRR17643006.msh	0.0104464	0.00995031	0.0100194	0.00980511	0.0109812	0	0.0104461	0.00965166	0.0107578	
SRR17643007.msh	0.0111782	0.0106712	0.0105591	0.0108687	0.0112811	0.0104461	0	0.0107133	0.0114183	
SRR17643008.msh	0.0108983	0.0100544	0.0101753	0.00991589	0.0111359	0.00965166	0.0107133	0	0.01112	
SRR17643009.msh	0.0114688	0.0111006	0.011	0.0113515	0.0117914	0.0107578	0.0114183	0.01112	0	
