sample	SRR1607346.msh	SRR1607348.msh	SRR1607350.msh	SRR1607351.msh	SRR1607354.msh	SRR1607356.msh	SRR1607357.msh	SRR1607359.msh	SRR1607363.msh	
SRR1607346.msh	0	0.0102529	0.00931674	0.00812563	0.00999926	0.00971901	0.00942256	0.00981695	0.0105449	
SRR1607348.msh	0.0102529	0	0.0102971	0.00914294	0.0110027	0.0106451	0.0104265	0.0108564	0.0115494	
SRR1607350.msh	0.00931674	0.0102971	0	0.00818406	0.0100756	0.00975054	0.00950729	0.0099201	0.0106627	
SRR1607351.msh	0.00812563	0.00914294	0.00818406	0	0.00895541	0.00850662	0.00803257	0.00865489	0.00936567	
SRR1607354.msh	0.00999926	0.0110027	0.0100756	0.00895541	0	0.00999291	0.0102375	0.0106421	0.011348	
SRR1607356.msh	0.00971901	0.0106451	0.00975054	0.00850662	0.00999291	0	0.00982392	0.0103065	0.010997	
SRR1607357.msh	0.00942256	0.0104265	0.00950729	0.00803257	0.0102375	0.00982392	0	0.0100332	0.010753	
SRR1607359.msh	0.00981695	0.0108564	0.0099201	0.00865489	0.0106421	0.0103065	0.0100332	0	0.0111344	
SRR1607363.msh	0.0105449	0.0115494	0.0106627	0.00936567	0.011348	0.010997	0.010753	0.0111344	0	
