sample	SRR1607327.msh	SRR1607330.msh	SRR1607332.msh	SRR1607334.msh	SRR1607336.msh	SRR1607337.msh	SRR1607342.msh	SRR1607343.msh	
SRR1607327.msh	0	0.0109065	0.0110991	0.0101731	0.0102171	0.0104508	0.0104919	0.00943002	
SRR1607330.msh	0.0109065	0	0.0114765	0.0105372	0.0105299	0.0107671	0.0109016	0.00933494	
SRR1607332.msh	0.0110991	0.0114765	0	0.01075	0.0107	0.0109327	0.0110366	0.00991975	
SRR1607334.msh	0.0101731	0.0105372	0.01075	0	0.00985253	0.0100427	0.0101143	0.00902722	
SRR1607336.msh	0.0102171	0.0105299	0.0107	0.00985253	0	0.0100282	0.0101218	0.00900182	
SRR1607337.msh	0.0104508	0.0107671	0.0109327	0.0100427	0.0100282	0	0.0103562	0.00929217	
SRR1607342.msh	0.0104919	0.0109016	0.0110366	0.0101143	0.0101218	0.0103562	0	0.00927033	
SRR1607343.msh	0.00943002	0.00933494	0.00991975	0.00902722	0.00900182	0.00929217	0.00927033	0	
