sample	SRR1607513.msh	SRR1607514.msh	SRR1607517.msh	SRR1607518.msh	SRR1607520.msh	SRR1607522.msh	SRR1607528.msh	SRR1607531.msh	
SRR1607513.msh	0	0.00825463	0.00856152	0.00869808	0.00810331	0.00774704	0.00748733	0.00869324	
SRR1607514.msh	0.00825463	0	0.00871456	0.00866068	0.00759775	0.00724753	0.00749297	0.0087602	
SRR1607517.msh	0.00856152	0.00871456	0	0.00912531	0.00855066	0.00819871	0.00791473	0.00910504	
SRR1607518.msh	0.00869808	0.00866068	0.00912531	0	0.0085481	0.00818687	0.00790739	0.00904771	
SRR1607520.msh	0.00810331	0.00759775	0.00855066	0.0085481	0	0.00710607	0.00735164	0.00859867	
SRR1607522.msh	0.00774704	0.00724753	0.00819871	0.00818687	0.00710607	0	0.00697776	0.00819809	
SRR1607528.msh	0.00748733	0.00749297	0.00791473	0.00790739	0.00735164	0.00697776	0	0.00788085	
SRR1607531.msh	0.00869324	0.0087602	0.00910504	0.00904771	0.00859867	0.00819809	0.00788085	0	
