sample	SRR27281402.msh	SRR27281403.msh	SRR27281404.msh	SRR27281405.msh	SRR27281509.msh	SRR27281511.msh	SRR27281512.msh	SRR27281513.msh	SRR27281514.msh	
SRR27281402.msh	0	0.0126626	0.0131511	0.0145706	0.0131368	0.0125569	0.012478	0.0128778	0.0127008	
SRR27281403.msh	0.0126626	0	0.0133122	0.0147887	0.0133021	0.0128434	0.0127838	0.013019	0.0130001	
SRR27281404.msh	0.0131511	0.0133122	0	0.0144257	0.0133791	0.0130563	0.0133349	0.0132065	0.013249	
SRR27281405.msh	0.0145706	0.0147887	0.0144257	0	0.0148513	0.0144968	0.0147672	0.0145607	0.0147125	
SRR27281509.msh	0.0131368	0.0133021	0.0133791	0.0148513	0	0.0130542	0.0133078	0.0132282	0.0132677	
SRR27281511.msh	0.0125569	0.0128434	0.0130563	0.0144968	0.0130542	0	0.0127147	0.0128362	0.0127568	
SRR27281512.msh	0.012478	0.0127838	0.0133349	0.0147672	0.0133078	0.0127147	0	0.0130782	0.0128383	
SRR27281513.msh	0.0128778	0.013019	0.0132065	0.0145607	0.0132282	0.0128362	0.0130782	0	0.0131247	
SRR27281514.msh	0.0127008	0.0130001	0.013249	0.0147125	0.0132677	0.0127568	0.0128383	0.0131247	0	
