sample	SRR1607365.msh	SRR1607369.msh	SRR1607372.msh	SRR1607373.msh	SRR1607375.msh	SRR1607377.msh	SRR1607380.msh	SRR1607382.msh	SRR1607384.msh	
SRR1607365.msh	0	0.0121464	0.0122359	0.0110163	0.062718	0.0115439	0.0121034	0.0120368	0.0122228	
SRR1607369.msh	0.0121464	0	0.0121107	0.0113064	0.0626714	0.0119517	0.0123748	0.0121744	0.0124942	
SRR1607372.msh	0.0122359	0.0121107	0	0.0115705	0.0628193	0.0118482	0.012435	0.0123292	0.0125807	
SRR1607373.msh	0.0110163	0.0113064	0.0115705	0	0.0616654	0.0107611	0.0112435	0.0112389	0.0112991	
SRR1607375.msh	0.062718	0.0626714	0.0628193	0.0616654	0	0.062244	0.0629483	0.0630582	0.0635383	
SRR1607377.msh	0.0115439	0.0119517	0.0118482	0.0107611	0.062244	0	0.0118287	0.0116981	0.0117415	
SRR1607380.msh	0.0121034	0.0123748	0.012435	0.0112435	0.0629483	0.0118287	0	0.0121768	0.0123452	
SRR1607382.msh	0.0120368	0.0121744	0.0123292	0.0112389	0.0630582	0.0116981	0.0121768	0	0.0122143	
SRR1607384.msh	0.0122228	0.0124942	0.0125807	0.0112991	0.0635383	0.0117415	0.0123452	0.0122143	0	
