sample	SRR1607326.msh	SRR1607327.msh	SRR1607330.msh	SRR1607332.msh	SRR1607334.msh	SRR1607336.msh	SRR1607337.msh	SRR1607342.msh	SRR1607343.msh	
SRR1607326.msh	0	0.0103743	0.010693	0.0109568	0.0103678	0.00996473	0.0102003	0.0103425	0.00899555	
SRR1607327.msh	0.0103743	0	0.0109624	0.0112757	0.0108184	0.0103083	0.0105438	0.010669	0.0094229	
SRR1607330.msh	0.010693	0.0109624	0	0.011547	0.011073	0.0105544	0.0107845	0.0109496	0.00922674	
SRR1607332.msh	0.0109568	0.0112757	0.011547	0	0.0114269	0.0108329	0.0110582	0.0112275	0.0100063	
SRR1607334.msh	0.0103678	0.0108184	0.011073	0.0114269	0	0.0103414	0.0106098	0.0107111	0.0090994	
SRR1607336.msh	0.00996473	0.0103083	0.0105544	0.0108329	0.0103414	0	0.0100608	0.0102303	0.00892422	
SRR1607337.msh	0.0102003	0.0105438	0.0107845	0.0110582	0.0106098	0.0100608	0	0.0104632	0.00922406	
SRR1607342.msh	0.0103425	0.010669	0.0109496	0.0112275	0.0107111	0.0102303	0.0104632	0	0.00926428	
SRR1607343.msh	0.00899555	0.0094229	0.00922674	0.0100063	0.0090994	0.00892422	0.00922406	0.00926428	0	
