sample	SRR1607365.msh	SRR1607369.msh	SRR1607372.msh	SRR1607373.msh	SRR1607375.msh	SRR1607377.msh	SRR1607380.msh	SRR1607382.msh	SRR1607384.msh	
SRR1607365.msh	0	0.0121407	0.0123185	0.0110434	0.0116776	0.0115306	0.0121744	0.0120861	0.0123103	
SRR1607369.msh	0.0121407	0	0.0120022	0.0111325	0.0114431	0.0117474	0.0122792	0.0120493	0.0123946	
SRR1607372.msh	0.0123185	0.0120022	0	0.0114292	0.0117289	0.0117407	0.0123859	0.0123148	0.0125715	
SRR1607373.msh	0.0110434	0.0111325	0.0114292	0	0.0108288	0.010623	0.0111915	0.0111207	0.0112543	
SRR1607375.msh	0.0116776	0.0114431	0.0117289	0.0108288	0	0.0113384	0.0115889	0.0117807	0.0119625	
SRR1607377.msh	0.0115306	0.0117474	0.0117407	0.010623	0.0113384	0	0.0117214	0.0115541	0.01163	
SRR1607380.msh	0.0121744	0.0122792	0.0123859	0.0111915	0.0115889	0.0117214	0	0.0121955	0.0123468	
SRR1607382.msh	0.0120861	0.0120493	0.0123148	0.0111207	0.0117807	0.0115541	0.0121955	0	0.012229	
SRR1607384.msh	0.0123103	0.0123946	0.0125715	0.0112543	0.0119625	0.01163	0.0123468	0.012229	0	
