sample	SRR17643000.msh	SRR17643001.msh	SRR17643002.msh	SRR17643004.msh	SRR17643005.msh	SRR17643006.msh	SRR17643007.msh	SRR17643008.msh	SRR17643009.msh	
SRR17643000.msh	0	0.0117771	0.0118244	0.0122538	0.0127403	0.0111679	0.0122882	0.0120139	0.0127441	
SRR17643001.msh	0.0117771	0	0.0109121	0.011112	0.0120497	0.0103848	0.0115955	0.0109654	0.0121992	
SRR17643002.msh	0.0118244	0.0109121	0	0.0115034	0.0121261	0.0105969	0.0116237	0.0111988	0.0121874	
SRR17643004.msh	0.0122538	0.011112	0.0115034	0	0.0124528	0.0104428	0.0119862	0.0109846	0.0126103	
SRR17643005.msh	0.0127403	0.0120497	0.0121261	0.0124528	0	0.0117775	0.0125291	0.0123329	0.0131532	
SRR17643006.msh	0.0111679	0.0103848	0.0105969	0.0104428	0.0117775	0	0.011123	0.0102267	0.0115979	
SRR17643007.msh	0.0122882	0.0115955	0.0116237	0.0119862	0.0125291	0.011123	0	0.0117585	0.0126316	
SRR17643008.msh	0.0120139	0.0109654	0.0111988	0.0109846	0.0123329	0.0102267	0.0117585	0	0.0123202	
SRR17643009.msh	0.0127441	0.0121992	0.0121874	0.0126103	0.0131532	0.0115979	0.0126316	0.0123202	0	
