sample	SRR1607513.msh	SRR1607514.msh	SRR1607517.msh	SRR1607518.msh	SRR1607520.msh	SRR1607522.msh	SRR1607528.msh	
SRR1607513.msh	0	0.00787353	0.00817286	0.00820495	0.00773345	0.00757685	0.00694722	
SRR1607514.msh	0.00787353	0	0.00819029	0.00802363	0.00713725	0.00699491	0.00680795	
SRR1607517.msh	0.00817286	0.00819029	0	0.00850758	0.0080733	0.00795329	0.007235	
SRR1607518.msh	0.00820495	0.00802363	0.00850758	0	0.0079726	0.00785161	0.00703387	
SRR1607520.msh	0.00773345	0.00713725	0.0080733	0.0079726	0	0.00687273	0.00672019	
SRR1607522.msh	0.00757685	0.00699491	0.00795329	0.00785161	0.00687273	0	0.00656296	
SRR1607528.msh	0.00694722	0.00680795	0.007235	0.00703387	0.00672019	0.00656296	0	
