sample	SRR27281402.msh	SRR27281403.msh	SRR27281404.msh	SRR27281405.msh	SRR27281509.msh	SRR27281511.msh	SRR27281512.msh	SRR27281513.msh	SRR27281514.msh	
SRR27281402.msh	0	0.0134155	0.014007	0.0156547	0.0137814	0.0132047	0.013139	0.0136374	0.0134621	
SRR27281403.msh	0.0134155	0	0.0143288	0.0159915	0.0141001	0.0136936	0.0136316	0.0139797	0.0139375	
SRR27281404.msh	0.014007	0.0143288	0	0.0156221	0.0142843	0.0139779	0.0142298	0.0142026	0.0142543	
SRR27281405.msh	0.0156547	0.0159915	0.0156221	0	0.0160074	0.0156638	0.0158594	0.0157313	0.0159419	
SRR27281509.msh	0.0137814	0.0141001	0.0142843	0.0160074	0	0.0137536	0.0139997	0.0140052	0.0141052	
SRR27281511.msh	0.0132047	0.0136936	0.0139779	0.0156638	0.0137536	0	0.013437	0.0136272	0.0135983	
SRR27281512.msh	0.013139	0.0136316	0.0142298	0.0158594	0.0139997	0.013437	0	0.0138696	0.01372	
SRR27281513.msh	0.0136374	0.0139797	0.0142026	0.0157313	0.0140052	0.0136272	0.0138696	0	0.0140553	
SRR27281514.msh	0.0134621	0.0139375	0.0142543	0.0159419	0.0141052	0.0135983	0.01372	0.0140553	0	
