sample	SRR1607513.msh	SRR1607514.msh	SRR1607517.msh	SRR1607518.msh	SRR1607520.msh	SRR1607522.msh	SRR1607528.msh	SRR1607531.msh	
SRR1607513.msh	0	0.00787353	0.00817286	0.00820495	0.00773345	0.00757685	0.00723937	0.00847226	
SRR1607514.msh	0.00787353	0	0.00819029	0.00802363	0.00713725	0.00699491	0.00703416	0.00828283	
SRR1607517.msh	0.00817286	0.00819029	0	0.00850758	0.0080733	0.00795329	0.00750959	0.00872814	
SRR1607518.msh	0.00820495	0.00802363	0.00850758	0	0.0079726	0.00785161	0.00721086	0.00845669	
SRR1607520.msh	0.00773345	0.00713725	0.0080733	0.0079726	0	0.00687273	0.00698547	0.00824775	
SRR1607522.msh	0.00757685	0.00699491	0.00795329	0.00785161	0.00687273	0	0.00683762	0.00810269	
SRR1607528.msh	0.00723937	0.00703416	0.00750959	0.00721086	0.00698547	0.00683762	0	0.00743378	
SRR1607531.msh	0.00847226	0.00828283	0.00872814	0.00845669	0.00824775	0.00810269	0.00743378	0	
