sample	SRR17642992.msh	SRR17642993.msh	SRR17642994.msh	SRR17642995.msh	SRR17642999.msh	SRR17643011.msh	
SRR17642992.msh	0	0.0129054	0.0132912	0.011995	0.0135216	0.0264709	
SRR17642993.msh	0.0129054	0	0.0131235	0.0118661	0.0134568	0.0263952	
SRR17642994.msh	0.0132912	0.0131235	0	0.0121375	0.0137594	0.0266644	
SRR17642995.msh	0.011995	0.0118661	0.0121375	0	0.011115	0.0224078	
SRR17642999.msh	0.0135216	0.0134568	0.0137594	0.011115	0	0.0228516	
SRR17643011.msh	0.0264709	0.0263952	0.0266644	0.0224078	0.0228516	0	
