sample	SRR27281402.msh	SRR27281403.msh	SRR27281404.msh	SRR27281405.msh	SRR27281509.msh	SRR27281511.msh	SRR27281512.msh	SRR27281513.msh	SRR27281514.msh	
SRR27281402.msh	0	0.0138052	0.0144837	0.0166095	0.0140293	0.0134718	0.0141231	0.0139112	0.0143033	
SRR27281403.msh	0.0138052	0	0.0146774	0.0168269	0.0142413	0.0138552	0.0145052	0.0141139	0.0146187	
SRR27281404.msh	0.0144837	0.0146774	0	0.0165575	0.0145339	0.0142413	0.0151788	0.0144584	0.0150755	
SRR27281405.msh	0.0166095	0.0168269	0.0165575	0	0.0167877	0.0164494	0.0172419	0.0165184	0.0171848	
SRR27281509.msh	0.0140293	0.0142413	0.0145339	0.0167877	0	0.0137536	0.0147434	0.0140052	0.0147325	
SRR27281511.msh	0.0134718	0.0138552	0.0142413	0.0164494	0.0137536	0	0.0142201	0.0136272	0.0142395	
SRR27281512.msh	0.0141231	0.0145052	0.0151788	0.0172419	0.0147434	0.0142201	0	0.0146135	0.0149758	
SRR27281513.msh	0.0139112	0.0141139	0.0144584	0.0165184	0.0140052	0.0136272	0.0146135	0	0.0146362	
SRR27281514.msh	0.0143033	0.0146187	0.0150755	0.0171848	0.0147325	0.0142395	0.0149758	0.0146362	0	
