sample	SRR1607365.msh	SRR1607369.msh	SRR1607372.msh	SRR1607373.msh	SRR1607375.msh	SRR1607377.msh	SRR1607380.msh	SRR1607382.msh	SRR1607384.msh	
SRR1607365.msh	0	0.0133773	0.0126199	0.0114999	0.0120191	0.0124594	0.0134806	0.0123839	0.0125728	
SRR1607369.msh	0.0133773	0	0.0128846	0.0121087	0.0123267	0.0125878	0.0135819	0.0128277	0.012925	
SRR1607372.msh	0.0126199	0.0128846	0	0.0116018	0.0117716	0.0122939	0.0133427	0.0123374	0.0124905	
SRR1607373.msh	0.0114999	0.0121087	0.0116018	0	0.0109974	0.011298	0.0121992	0.0112865	0.0113118	
SRR1607375.msh	0.0120191	0.0123267	0.0117716	0.0109974	0	0.0118661	0.0125091	0.0118116	0.0118873	
SRR1607377.msh	0.0124594	0.0125878	0.0122939	0.011298	0.0118661	0	0.0126312	0.0119866	0.0117827	
SRR1607380.msh	0.0134806	0.0135819	0.0133427	0.0121992	0.0125091	0.0126312	0	0.013016	0.0129267	
SRR1607382.msh	0.0123839	0.0128277	0.0123374	0.0112865	0.0118116	0.0119866	0.013016	0	0.0120941	
SRR1607384.msh	0.0125728	0.012925	0.0124905	0.0113118	0.0118873	0.0117827	0.0129267	0.0120941	0	
