sample	SRR17643000.msh	SRR17643001.msh	SRR17643002.msh	SRR17643004.msh	SRR17643005.msh	SRR17643007.msh	SRR17643008.msh	
SRR17643000.msh	0	0.0119825	0.0125262	0.0126099	0.0131381	0.0125025	0.0126505	
SRR17643001.msh	0.0119825	0	0.0114497	0.0112753	0.0122596	0.0115955	0.0114029	
SRR17643002.msh	0.0125262	0.0114497	0	0.012172	0.0128332	0.0121253	0.0121362	
SRR17643004.msh	0.0126099	0.0112753	0.012172	0	0.0128243	0.0121464	0.0115799	
SRR17643005.msh	0.0131381	0.0122596	0.0128332	0.0128243	0	0.0127319	0.0129706	
SRR17643007.msh	0.0125025	0.0115955	0.0121253	0.0121464	0.0127319	0	0.012196	
SRR17643008.msh	0.0126505	0.0114029	0.0121362	0.0115799	0.0129706	0.012196	0	
