sample	SRR1607326.msh	SRR1607327.msh	SRR1607330.msh	SRR1607332.msh	SRR1607334.msh	SRR1607336.msh	SRR1607337.msh	SRR1607342.msh	SRR1607343.msh	
SRR1607326.msh	0	0.0107737	0.0113596	0.0117787	0.0104443	0.0102235	0.0110219	0.0110976	0.00935789	
SRR1607327.msh	0.0107737	0	0.0111131	0.0115893	0.0103068	0.010065	0.0108556	0.0108601	0.00921469	
SRR1607330.msh	0.0113596	0.0111131	0	0.0116847	0.0105204	0.0105105	0.010956	0.0110828	0.00925522	
SRR1607332.msh	0.0117787	0.0115893	0.0116847	0	0.0109474	0.0109711	0.0113249	0.011447	0.0101742	
SRR1607334.msh	0.0104443	0.0103068	0.0105204	0.0109474	0	0.00968719	0.0102056	0.0102903	0.0088565	
SRR1607336.msh	0.0102235	0.010065	0.0105105	0.0109711	0.00968719	0	0.010196	0.0102429	0.00860637	
SRR1607337.msh	0.0110219	0.0108556	0.010956	0.0113249	0.0102056	0.010196	0	0.0107326	0.00942901	
SRR1607342.msh	0.0110976	0.0108601	0.0110828	0.011447	0.0102903	0.0102429	0.0107326	0	0.00941204	
SRR1607343.msh	0.00935789	0.00921469	0.00925522	0.0101742	0.0088565	0.00860637	0.00942901	0.00941204	0	
